4	4	0.287616
8	4	0.376768
16	4	0.300736
32	4	0.472800
64	4	0.527424
128	4	0.459552
256	4	0.616448
4	4	0.253760
8	4	0.369248
16	4	0.281248
4	4	0.258688
8	4	0.233824
16	4	0.343328
32	4	0.510240
64	4	0.524288
128	4	0.465344
256	4	0.559104
512	4	0.681664
1024	4	0.910528
2048	4	1.368832
4096	4	2.222496
8192	4	3.812544
16384	4	7.456096
32768	4	14.434432
65536	4	30.194399
131072	4	56.083805
4	8	0.286688
8	8	0.217664
16	8	0.470752
32	8	0.431776
64	8	0.360544
128	8	0.563968
256	8	0.504448
512	8	0.739872
1024	8	0.773184
2048	8	1.217984
4096	8	1.878496
8192	8	3.540160
16384	8	6.623840
32768	8	15.265920
65536	8	30.386816
131072	8	60.438335
4	16	0.314240
8	16	0.390176
16	16	0.470784
32	16	0.415936
64	16	0.425664
128	16	0.519200
256	16	0.563072
512	16	0.745984
1024	16	0.959712
2048	16	1.513920
4096	16	2.465024
8192	16	4.780096
16384	16	10.220576
32768	16	20.052225
65536	16	34.967361
131072	16	68.981628
4	32	0.405248
8	32	0.533536
16	32	0.535136
32	32	0.470592
64	32	0.487328
128	32	0.475488
256	32	0.679456
512	32	0.679552
1024	32	0.985312
2048	32	1.525216
4096	32	2.730592
8192	32	6.072064
16384	32	11.705056
32768	32	22.626432
65536	32	44.819328
131072	32	89.331871
4	64	0.403936
8	64	0.438592
16	64	0.532832
32	64	0.451648
64	64	0.458176
128	64	0.482816
256	64	0.630944
512	64	0.901312
1024	64	1.131104
2048	64	1.959264
4096	64	3.989984
8192	64	7.653600
16384	64	14.915297
32768	64	29.517504
65536	64	58.721439
131072	64	118.059326
4	128	0.419232
8	128	0.533824
16	128	0.441024
32	128	0.485568
64	128	0.515968
128	128	0.456032
256	128	0.694848
512	128	0.969856
1024	128	1.582464
2048	128	2.997216
4096	128	5.701696
8192	128	11.469919
16384	128	21.709824
32768	128	43.246880
65536	128	86.435265
131072	128	201.597504
4	256	0.398624
8	256	0.467040
16	256	0.488352
32	256	0.506688
64	256	0.437312
128	256	0.652096
256	256	0.864064
512	256	1.473696
1024	256	2.523616
2048	256	4.690208
4096	256	9.232128
8192	256	17.978559
16384	256	35.461281
32768	256	70.848480
65536	256	179.833405
4	4	0.307328
8	4	0.323424
16	4	0.320320
32	4	0.394368
64	4	0.438432
128	4	0.587232
256	4	0.610688
512	4	0.592096
1024	4	0.773664
2048	4	1.152256
4096	4	1.910912
8192	4	3.888800
16384	4	6.389088
32768	4	12.234784
65536	4	28.405792
131072	4	56.405983
4	8	0.320704
8	8	0.315456
16	8	0.414208
32	8	0.440640
64	8	0.360544
128	8	0.621408
256	8	0.467168
512	8	0.649216
1024	8	0.812608
2048	8	1.105248
4096	8	2.012672
8192	8	3.560448
16384	8	6.726752
32768	8	15.509600
65536	8	30.647713
131072	8	60.504543
4	16	0.257440
8	16	0.425632
16	16	0.406368
32	16	0.417216
64	16	0.483552
128	16	0.385856
256	16	0.527808
512	16	0.610432
1024	16	1.009504
2048	16	1.434336
4096	16	2.511872
8192	16	4.765984
16384	16	10.420609
32768	16	19.844383
65536	16	35.001854
131072	16	69.084641
4	32	0.462656
8	32	0.432448
16	32	0.427520
32	32	0.407936
64	32	0.511456
128	32	0.485920
256	32	0.576352
512	32	0.600224
1024	32	1.097984
2048	32	1.518592
4096	32	2.713280
8192	32	5.884160
16384	32	11.501216
32768	32	22.555264
65536	32	44.787201
131072	32	89.116417
4	64	0.425824
8	64	0.343936
16	64	0.370912
32	64	0.465088
64	64	0.464064
128	64	0.510464
256	64	0.571264
512	64	0.767456
1024	64	1.096672
2048	64	2.007008
4096	64	3.982016
8192	64	7.606336
16384	64	15.107777
32768	64	29.600544
65536	64	58.869759
131072	64	117.863525
4	128	0.454368
8	128	0.475040
16	128	0.509888
32	128	0.434720
64	128	0.397088
128	128	0.576512
256	128	0.701920
512	128	0.839808
1024	128	1.581056
2048	128	2.891936
4096	128	5.635200
8192	128	11.054304
16384	128	21.731041
32768	128	43.443359
65536	128	86.292252
131072	128	201.560547
4	256	0.458720
8	256	0.347776
16	256	0.472992
32	256	0.496000
64	256	0.557504
128	256	0.616192
256	256	0.832704
512	256	1.402976
1024	256	2.542912
2048	256	4.599872
4096	256	9.038368
8192	256	17.920513
16384	256	37.868546
4	4	0.324864
8	4	0.320320
16	4	0.304160
32	4	0.499360
64	4	0.488288
128	4	0.623232
256	4	0.593632
512	4	0.682816
1024	4	0.785472
2048	4	1.347296
4096	4	2.300896
8192	4	4.005664
16384	4	7.273184
32768	4	14.128544
65536	4	28.671488
131072	4	56.340832
4	8	0.331808
8	8	0.408000
16	8	0.563584
32	8	0.465792
64	8	0.482304
128	8	0.528640
256	8	0.546592
512	8	0.805056
1024	8	0.814080
2048	8	1.390752
4096	8	2.265344
8192	8	4.091488
16384	8	7.742176
32768	8	17.711103
65536	8	30.665825
131072	8	60.639423
4	16	0.281536
8	16	0.345152
16	16	0.341472
32	16	0.504032
64	16	0.444256
128	16	0.562848
256	16	0.433728
512	16	0.607776
1024	16	0.850592
2048	16	1.286816
4096	16	2.222240
8192	16	4.048704
16384	16	8.971200
32768	16	17.590849
65536	16	34.749088
131072	16	68.993347
4	32	0.464704
8	32	0.434880
16	32	0.461984
32	32	0.440064
64	32	0.418848
128	32	0.395968
256	32	0.591648
512	32	0.692320
1024	32	1.104288
2048	32	1.482272
4096	32	2.701152
8192	32	5.990752
16384	32	11.586368
32768	32	22.626976
65536	32	44.845310
131072	32	89.534561
4	64	0.344096
8	64	0.441088
16	64	0.458848
32	64	0.507936
64	64	0.493344
128	64	0.561664
256	64	0.718112
512	64	0.740768
1024	64	1.022688
2048	64	1.961504
4096	64	3.930368
8192	64	7.761664
16384	64	14.969088
32768	64	29.618080
65536	64	58.663712
131072	64	117.563873
4	128	0.424736
8	128	0.464064
16	128	0.531040
32	128	0.478336
64	128	0.483232
128	128	0.529056
256	128	0.707296
512	128	0.961632
1024	128	1.585536
2048	128	3.027904
4096	128	5.688288
8192	128	10.968160
16384	128	21.859200
32768	128	43.341183
65536	128	88.907585
131072	128	201.709351
4	256	0.460896
8	256	0.341696
16	256	0.562080
32	256	0.452320
64	256	0.620672
128	256	0.539488
256	256	0.865440
512	256	1.386720
1024	256	2.475936
2048	256	4.698560
4096	256	9.131136
8192	256	18.068577
16384	256	35.752098
32768	256	70.897247
65536	256	179.868164
131072	256	394.394440
4	512	0.432992
8	512	0.447616
16	512	0.375072
32	512	0.511200
64	512	0.639872
128	512	0.696800
256	512	1.386688
512	512	2.170016
1024	512	4.317632
2048	512	8.380608
4096	512	15.955264
8192	512	31.695263
16384	512	65.962852
32768	512	126.537407
65536	512	290.120941
131072	512	629.036987
4	1024	0.429440
8	1024	0.454560
16	1024	0.485440
32	1024	0.640576
64	1024	0.806240
128	1024	1.237024
256	1024	2.135008
512	1024	3.975200
1024	1024	7.633856
2048	1024	14.850464
4096	1024	29.629921
8192	1024	58.840416
16384	1024	117.238495
32768	1024	238.005341
65536	1024	523.880798
131072	1024	1091.567383
4	2048	0.463328
8	2048	0.595808
16	2048	0.645152
32	2048	0.784640
64	2048	1.101504
128	2048	2.071264
256	2048	3.724256
512	2048	7.383392
1024	2048	14.809984
2048	2048	29.483488
4096	2048	58.442593
8192	2048	115.895844
16384	2048	233.100418
32768	2048	497.167816
65536	2048	1028.332520
131072	2048	4397.956055
4	4096	0.628832
8	4096	0.624608
16	4096	0.751040
32	4096	1.268832
64	4096	2.058752
128	4096	3.817920
256	4096	7.253856
512	4096	14.234336
1024	4096	29.563295
2048	4096	59.583103
4096	4096	118.937599
8192	4096	233.043915
16384	4096	471.397827
32768	4096	974.698181
65536	4096	3501.555664
4	8192	0.627200
8	8192	0.755712
16	8192	1.103072
32	8192	2.066624
64	8192	3.803296
128	8192	7.296192
256	8192	14.259295
512	8192	28.814081
1024	8192	56.970367
2048	8192	114.755302
4096	8192	229.692673
8192	8192	475.384827
16384	8192	985.643555
32768	8192	2475.053711
65536	8192	6875.378906
4	16384	0.848512
8	16384	1.509056
16	16384	2.153344
32	16384	3.985216
64	16384	7.346720
128	16384	14.316608
256	16384	28.430882
512	16384	57.086369
1024	16384	113.231934
2048	16384	229.099457
4096	16384	458.355804
8192	16384	958.734070
16384	16384	2539.118164
32768	16384	5626.038086
4	32768	1.453472
8	32768	2.248672
16	32768	4.004928
32	32768	7.693984
64	32768	14.821408
128	32768	29.113951
256	32768	59.098785
512	32768	116.974754
1024	32768	233.467850
2048	32768	469.231995
4096	32768	962.745239
8192	32768	2455.901123
16384	32768	5722.698242
4	4	0.299328
8	4	0.429248
16	4	0.332672
32	4	0.505408
64	4	0.490080
128	4	0.530912
256	4	0.560608
512	4	0.698816
1024	4	0.858848
2048	4	1.293504
4096	4	2.207136
8192	4	3.896448
16384	4	7.406464
32768	4	14.433824
65536	4	28.508032
131072	4	56.117058
4	8	0.462784
8	8	0.315520
16	8	0.462592
32	8	0.419168
64	8	0.573344
128	8	0.514304
256	8	0.509664
512	8	0.643648
1024	8	0.817280
2048	8	1.366464
4096	8	2.302272
8192	8	4.159008
16384	8	7.981344
32768	8	17.307552
65536	8	30.371744
131072	8	60.316479
4	16	0.307456
8	16	0.433504
16	16	0.478880
32	16	0.421088
64	16	0.440096
128	16	0.494848
256	16	0.632960
512	16	0.639168
1024	16	0.854368
2048	16	1.352640
4096	16	2.207136
8192	16	4.050848
16384	16	8.944544
32768	16	17.470911
65536	16	34.846046
131072	16	68.771935
4	32	0.340192
8	32	0.339264
16	32	0.435936
32	32	0.475840
64	32	0.434368
128	32	0.479200
256	32	0.557344
512	32	0.717984
1024	32	0.948256
2048	32	1.511936
4096	32	2.704704
8192	32	5.863168
16384	32	11.348832
32768	32	22.647457
65536	32	44.852638
131072	32	89.146652
4	64	0.462432
8	64	0.436864
16	64	0.466912
32	64	0.558784
64	64	0.460064
128	64	0.492352
256	64	0.571072
512	64	0.805536
1024	64	1.133152
2048	64	2.034720
4096	64	4.009344
8192	64	7.666240
16384	64	14.991264
32768	64	29.552608
65536	64	58.684639
131072	64	118.212288
4	128	0.467744
8	128	0.347680
16	128	0.476384
32	128	0.474944
64	128	0.523776
128	128	0.553568
256	128	0.849600
512	128	0.961440
1024	128	1.554016
2048	128	3.044576
4096	128	5.559680
8192	128	11.167456
16384	128	21.865921
32768	128	43.209442
65536	128	88.851616
131072	128	201.871063
4	256	0.435136
8	256	0.348384
16	256	0.495264
32	256	0.494944
64	256	0.503808
128	256	0.541952
256	256	0.822912
512	256	1.436896
1024	256	2.548128
2048	256	4.677376
4096	256	9.119616
8192	256	17.921024
16384	256	35.567360
32768	256	70.628159
65536	256	179.537720
131072	256	393.865845
4	512	0.415488
8	512	0.484352
16	512	0.459008
32	512	0.681408
64	512	0.611648
128	512	0.792960
256	512	1.167168
512	512	2.274816
1024	512	4.236448
2048	512	8.112512
4096	512	15.894880
8192	512	31.756226
16384	512	66.208252
32768	512	126.484901
65536	512	289.795959
131072	512	630.380188
4	1024	0.475424
8	1024	0.501888
16	1024	0.577408
32	1024	0.505920
64	1024	0.991424
128	1024	1.271552
256	1024	2.192768
512	1024	4.095808
1024	1024	7.720352
2048	1024	15.082112
4096	1024	29.579393
8192	1024	61.725021
16384	1024	117.109825
32768	1024	235.839142
65536	1024	522.747498
131072	1024	1090.484863
4	2048	0.488160
8	2048	0.566624
16	2048	0.573792
32	2048	0.717728
64	2048	1.286240
128	2048	2.088160
256	2048	3.903168
512	2048	7.483296
1024	2048	14.849024
2048	2048	29.228607
4096	2048	58.353920
8192	2048	116.246918
16384	2048	232.894745
32768	2048	497.470581
65536	2048	1019.767273
131072	2048	4380.354492
4	4096	0.550016
8	4096	0.620448
16	4096	0.711040
32	4096	1.199104
64	4096	2.095296
128	4096	3.696064
256	4096	7.257856
512	4096	14.212992
1024	4096	28.618656
2048	4096	59.606144
4096	4096	119.396927
8192	4096	230.416702
16384	4096	470.276855
32768	4096	988.161194
65536	4096	3497.442871
131072	4096	10325.435547
4	8192	0.602944
8	8192	0.674592
16	8192	1.180864
32	8192	1.941664
64	8192	3.694592
128	8192	7.394848
256	8192	14.276320
512	8192	28.584929
1024	8192	56.800610
2048	8192	114.550751
4096	8192	229.256516
8192	8192	473.586029
16384	8192	980.718445
32768	8192	2495.091309
65536	8192	6871.452148
4	16384	0.833888
8	16384	1.305024
16	16384	2.118528
32	16384	4.094208
64	16384	7.388320
128	16384	14.376225
256	16384	28.247553
512	16384	56.953732
1024	16384	113.758881
2048	16384	229.788544
4096	16384	459.608551
8192	16384	948.517700
16384	16384	2540.122070
32768	16384	5580.432617
4	32768	1.334144
8	32768	2.212832
16	32768	4.133184
32	32768	7.615584
64	32768	14.672192
128	32768	29.142527
256	32768	58.429504
512	32768	117.103516
1024	32768	231.536804
2048	32768	470.102844
4096	32768	963.892822
8192	32768	2462.921387
16384	32768	5719.804688
4	4	0.289216
8	4	0.232032
16	4	0.352416
32	4	0.525632
64	4	0.466368
128	4	0.497344
256	4	0.603232
512	4	0.694784
1024	4	0.908640
2048	4	1.355360
4096	4	2.250528
8192	4	4.021184
16384	4	8.636608
32768	4	14.253119
65536	4	28.176001
131072	4	56.027359
4	8	0.263232
8	8	0.329952
16	8	0.472512
32	8	0.489632
64	8	0.484480
128	8	0.574016
256	8	0.551264
512	8	0.800128
1024	8	0.883040
2048	8	1.332544
4096	8	2.243232
8192	8	4.145792
16384	8	8.097472
32768	8	17.834753
65536	8	30.418785
131072	8	60.450531
4	16	0.274368
8	16	0.432352
16	16	0.429632
32	16	0.458720
64	16	0.486016
128	16	0.503040
256	16	0.507104
512	16	0.546784
1024	16	0.854912
2048	16	1.301056
4096	16	2.134848
8192	16	4.041344
16384	16	9.031168
32768	16	17.391808
65536	16	34.762432
131072	16	68.780609
4	32	0.402752
8	32	0.457984
16	32	0.440064
32	32	0.359488
64	32	0.455232
128	32	0.524576
256	32	0.462560
512	32	0.735648
1024	32	0.862400
2048	32	1.400320
4096	32	2.852096
8192	32	5.897984
16384	32	12.224256
32768	32	22.579296
65536	32	44.674530
131072	32	89.531075
4	64	0.516384
8	64	0.463680
16	64	0.436736
32	64	0.493088
64	64	0.495968
128	64	0.483616
256	64	0.603648
512	64	0.792032
1024	64	1.027136
2048	64	1.962816
4096	64	3.875968
8192	64	7.660448
16384	64	14.902944
32768	64	29.532064
65536	64	58.572639
131072	64	117.923935
4	128	0.411488
8	128	0.414336
16	128	0.478944
32	128	0.487104
64	128	0.625280
128	128	0.548608
256	128	0.713088
512	128	0.891008
1024	128	1.482432
2048	128	3.011648
4096	128	5.563008
8192	128	10.931007
16384	128	21.924992
32768	128	43.235779
65536	128	86.077118
131072	128	205.083069
4	256	0.465632
8	256	0.439232
16	256	0.439072
32	256	0.457376
64	256	0.508000
128	256	0.663936
256	256	0.810368
512	256	1.393920
1024	256	2.631872
2048	256	4.781088
4096	256	9.128576
8192	256	17.793793
16384	256	35.547646
32768	256	70.850494
65536	256	179.464539
131072	256	394.075562
4	512	0.461088
8	512	0.445408
16	512	0.496320
32	512	0.517728
64	512	0.638944
128	512	0.784576
256	512	1.304576
512	512	2.279040
1024	512	4.213088
2048	512	8.140064
4096	512	16.031393
8192	512	31.669664
16384	512	66.222626
32768	512	127.052002
65536	512	290.318237
131072	512	630.264709
4	1024	0.400704
8	1024	0.408864
16	1024	0.484672
32	1024	0.623744
64	1024	0.841920
128	1024	1.249888
256	1024	2.221664
512	1024	3.997344
1024	1024	7.627072
2048	1024	15.016607
4096	1024	29.631968
8192	1024	58.914528
16384	1024	117.142593
32768	1024	233.646408
65536	1024	522.765442
131072	1024	1089.971191
4	2048	0.495392
8	2048	0.550208
16	2048	0.610976
32	2048	0.734496
64	2048	1.218976
128	2048	2.064032
256	2048	3.847584
512	2048	7.417568
1024	2048	14.743296
2048	2048	29.455297
4096	2048	58.828835
8192	2048	116.763260
16384	2048	240.078842
32768	2048	484.815857
65536	2048	1029.542480
131072	2048	4399.549805
4	4096	0.524800
8	4096	0.633856
16	4096	0.790240
32	4096	1.180736
64	4096	2.041120
128	4096	3.775200
256	4096	7.558304
512	4096	14.250496
1024	4096	28.535297
2048	4096	59.502850
4096	4096	119.229088
8192	4096	237.460220
16384	4096	477.615265
32768	4096	977.424683
65536	4096	3502.655029
131072	4096	10351.863281
4	8192	0.612192
8	8192	0.751776
16	8192	1.178240
32	8192	2.017216
64	8192	3.706944
128	8192	7.286272
256	8192	14.210527
512	8192	28.436319
1024	8192	56.908512
2048	8192	115.656448
4096	8192	228.497589
8192	8192	473.094360
16384	8192	975.751648
32768	8192	2491.140381
65536	8192	6877.154297
4	16384	0.781824
8	16384	1.230752
16	16384	2.142496
32	16384	3.924416
64	16384	7.325184
128	16384	14.368576
256	16384	28.260481
512	16384	56.951775
1024	16384	112.750015
2048	16384	230.249054
4096	16384	457.379150
8192	16384	951.476318
16384	16384	2555.622070
32768	16384	5575.211914
4	32768	1.274528
8	32768	2.221152
16	32768	3.933664
32	32768	7.432032
64	32768	14.928320
128	32768	29.247263
256	32768	59.126305
512	32768	117.070267
1024	32768	231.941376
2048	32768	469.001404
4096	32768	963.885498
8192	32768	2467.639160
16384	32768	5752.306641
4	4	0.319776
8	4	0.344640
16	4	0.383808
32	4	0.464064
64	4	0.520448
128	4	0.553536
256	4	0.526304
512	4	0.708544
1024	4	0.861024
2048	4	1.286528
4096	4	2.139008
8192	4	3.918560
16384	4	8.044032
32768	4	14.544768
65536	4	30.032097
131072	4	56.091679
4	8	0.275744
8	8	0.268640
16	8	0.460320
32	8	0.353952
64	8	0.445088
128	8	0.509280
256	8	0.499552
512	8	0.617504
1024	8	0.931968
2048	8	1.368928
4096	8	2.292768
8192	8	4.085216
16384	8	7.999360
32768	8	17.471905
65536	8	30.472095
131072	8	60.879040
4	16	0.321216
8	16	0.464384
16	16	0.381376
32	16	0.421984
64	16	0.480992
128	16	0.522048
256	16	0.523424
512	16	0.913472
1024	16	0.892832
2048	16	1.235872
4096	16	2.140192
8192	16	4.002560
16384	16	8.930464
32768	16	17.377472
65536	16	34.659840
131072	16	68.880035
4	32	0.428768
8	32	0.410400
16	32	0.497408
32	32	0.553152
64	32	0.494912
128	32	0.515456
256	32	0.591776
512	32	0.597216
1024	32	1.090688
2048	32	1.517696
4096	32	2.719264
8192	32	5.894176
16384	32	11.484416
32768	32	22.662464
65536	32	44.760960
131072	32	89.524353
4	64	0.452864
8	64	0.434496
16	64	0.468896
32	64	0.440672
64	64	0.461600
128	64	0.539904
256	64	0.506400
512	64	0.807296
1024	64	1.138720
2048	64	2.053376
4096	64	4.005152
8192	64	7.735520
16384	64	14.913824
32768	64	29.545151
65536	64	58.604385
131072	64	117.433121
4	128	0.404928
8	128	0.462528
16	128	0.435424
32	128	0.490240
64	128	0.474688
128	128	0.530688
256	128	0.673984
512	128	0.941696
1024	128	1.600704
2048	128	3.009088
4096	128	5.701088
8192	128	11.105984
16384	128	21.901024
32768	128	43.335072
65536	128	86.381950
131072	128	205.698181
4	256	0.460608
8	256	0.537472
16	256	0.495200
32	256	0.477664
64	256	0.580576
128	256	0.681632
256	256	0.884800
512	256	1.391328
1024	256	2.514592
2048	256	4.657856
4096	256	9.169120
8192	256	17.872097
16384	256	35.562431
32768	256	70.811584
65536	256	179.677597
131072	256	393.256714
4	512	0.370944
8	512	0.395680
16	512	0.373344
32	512	0.423872
64	512	0.640064
128	512	0.811552
256	512	1.377824
512	512	2.289184
1024	512	4.333152
2048	512	8.174335
4096	512	16.114080
8192	512	31.542208
16384	512	66.211136
32768	512	126.311234
65536	512	290.644104
131072	512	631.593506
4	1024	0.469792
8	1024	0.521888
16	1024	0.559616
32	1024	0.557792
64	1024	0.803328
128	1024	1.244608
256	1024	2.161664
512	1024	4.003040
1024	1024	7.551936
2048	1024	14.984287
4096	1024	29.819935
8192	1024	59.064701
16384	1024	117.234085
32768	1024	235.906845
65536	1024	524.830750
131072	1024	1089.123535
4	2048	0.545248
8	2048	0.621408
16	2048	0.610688
32	2048	0.775296
64	2048	1.208288
128	2048	2.013920
256	2048	4.051552
512	2048	7.417120
1024	2048	14.793535
2048	2048	29.420033
4096	2048	58.451485
8192	2048	116.236732
16384	2048	242.073334
32768	2048	489.591461
65536	2048	1024.645020
131072	2048	4419.900391
4	4096	0.589632
8	4096	0.583040
16	4096	0.870368
32	4096	1.242080
64	4096	2.093280
128	4096	3.810752
256	4096	7.304992
512	4096	14.194688
1024	4096	28.560448
2048	4096	59.461792
4096	4096	119.075554
8192	4096	230.500717
16384	4096	471.491547
32768	4096	972.316833
65536	4096	3483.796387
131072	4096	10467.701172
4	8192	0.587008
8	8192	0.715168
16	8192	1.190336
32	8192	2.077568
64	8192	3.813248
128	8192	7.274688
256	8192	14.345088
512	8192	28.769793
1024	8192	56.742241
2048	8192	114.546494
4096	8192	229.342392
8192	8192	476.024048
16384	8192	983.871033
32768	8192	2503.393555
65536	8192	6863.541016
4	16384	0.737376
8	16384	1.160288
16	16384	2.165472
32	16384	3.833696
64	16384	7.505376
128	16384	14.276864
256	16384	28.258560
512	16384	56.957504
1024	16384	113.914536
2048	16384	229.760681
4096	16384	461.131683
8192	16384	961.426453
16384	16384	2552.979492
32768	16384	5597.687012
4	32768	1.346912
8	32768	2.223904
16	32768	4.051840
32	32768	7.523264
64	32768	14.825792
128	32768	29.251488
256	32768	58.712002
512	32768	116.721313
1024	32768	232.770432
2048	32768	469.006073
4096	32768	966.629150
8192	32768	2458.451660
16384	32768	5718.363281
4	4	0.318336
8	4	0.331072
16	4	0.301984
32	4	0.482336
64	4	0.487584
128	4	0.502400
256	4	0.590400
512	4	0.696384
1024	4	0.877824
2048	4	1.342240
4096	4	2.212320
8192	4	3.803968
16384	4	7.322784
32768	4	13.704672
65536	4	28.841215
131072	4	56.051487
4	8	0.212064
8	8	0.324864
16	8	0.415520
32	8	0.436832
64	8	0.480704
128	8	0.479424
256	8	0.559008
512	8	0.689952
1024	8	1.117696
2048	8	1.376832
4096	8	2.302016
8192	8	4.123680
16384	8	7.905056
32768	8	17.742304
65536	8	30.331903
131072	8	60.248798
4	16	0.311680
8	16	0.332192
16	16	0.470912
32	16	0.457248
64	16	0.569792
128	16	0.497280
256	16	0.577984
512	16	0.666112
1024	16	0.864064
2048	16	1.427904
4096	16	2.202624
8192	16	4.038432
16384	16	9.005248
32768	16	17.578079
65536	16	34.723103
131072	16	68.788803
4	32	0.396832
8	32	0.348384
16	32	0.423808
32	32	0.440896
64	32	0.455008
128	32	0.523360
256	32	0.590464
512	32	0.691808
1024	32	1.086112
2048	32	1.512192
4096	32	2.853856
8192	32	5.861440
16384	32	11.438176
32768	32	22.564993
65536	32	44.597599
131072	32	89.241920
4	64	0.342592
8	64	0.527168
16	64	0.476800
32	64	0.353504
64	64	0.488256
128	64	0.634176
256	64	0.632000
512	64	0.882240
1024	64	1.091776
2048	64	1.933920
4096	64	4.004768
8192	64	7.582528
16384	64	14.966752
32768	64	29.721952
65536	64	58.804893
131072	64	117.121765
4	128	0.499904
8	128	0.479264
16	128	0.346432
32	128	0.444992
64	128	0.476704
128	128	0.586784
256	128	0.831328
512	128	0.958048
1024	128	1.592064
2048	128	2.901344
4096	128	5.702752
8192	128	11.069440
16384	128	21.791679
32768	128	43.656097
65536	128	89.559166
131072	128	201.960632
4	256	0.427744
8	256	0.415424
16	256	0.493248
32	256	0.498528
64	256	0.638240
128	256	0.656352
256	256	0.872736
512	256	1.411872
1024	256	2.511488
2048	256	4.821920
4096	256	9.127744
8192	256	17.966688
16384	256	35.457985
32768	256	70.840958
65536	256	180.695282
131072	256	393.512329
4	512	0.527296
8	512	0.432384
16	512	0.582304
32	512	0.544416
64	512	0.654912
128	512	0.697888
256	512	1.367104
512	512	2.292992
1024	512	4.249504
2048	512	7.905792
4096	512	16.023136
8192	512	31.771296
16384	512	66.720032
32768	512	127.632385
65536	512	290.821991
131072	512	634.429810
4	1024	0.431040
8	1024	0.440960
16	1024	0.536928
32	1024	0.636064
64	1024	0.773728
128	1024	1.304896
256	1024	2.172000
512	1024	4.007520
1024	1024	7.554848
2048	1024	14.942208
4096	1024	29.580193
8192	1024	59.037281
16384	1024	117.035774
32768	1024	235.048859
65536	1024	521.799500
131072	1024	1090.987183
4	2048	0.381120
8	2048	0.527296
16	2048	0.554144
32	2048	0.663232
64	2048	1.213248
128	2048	2.005056
256	2048	3.775680
512	2048	7.366368
1024	2048	14.795937
2048	2048	29.334496
4096	2048	58.464256
8192	2048	116.458366
16384	2048	232.920959
32768	2048	499.985565
65536	2048	1020.082764
131072	2048	4409.976562
4	4096	0.479424
8	4096	0.629120
16	4096	0.661056
32	4096	1.222784
64	4096	2.078624
128	4096	3.879808
256	4096	7.171904
512	4096	14.387584
1024	4096	28.664032
2048	4096	59.851551
4096	4096	118.733154
8192	4096	232.411835
16384	4096	470.597168
32768	4096	984.027527
65536	4096	3501.368164
131072	4096	10374.908203
4	8192	0.628032
8	8192	0.715648
16	8192	1.088384
32	8192	2.077376
64	8192	3.824480
128	8192	7.303872
256	8192	14.203775
512	8192	28.502750
1024	8192	56.870850
2048	8192	115.070435
4096	8192	229.602341
8192	8192	474.376831
16384	8192	969.925232
32768	8192	2469.691895
65536	8192	6872.270508
4	16384	0.720096
8	16384	1.331200
16	16384	2.248992
32	16384	3.945056
64	16384	7.331520
128	16384	14.152672
256	16384	28.209921
512	16384	57.249184
1024	16384	113.357246
2048	16384	229.649185
4096	16384	458.258057
8192	16384	953.142578
16384	16384	2567.264160
32768	16384	5590.956543
4	32768	1.218912
8	32768	2.409856
16	32768	4.158336
32	32768	7.423424
64	32768	14.922815
128	32768	29.077826
256	32768	58.975166
512	32768	116.938240
1024	32768	232.462051
2048	32768	473.571533
4096	32768	960.307739
8192	32768	2468.327393
16384	32768	5745.540527
4	4	0.405600
8	4	0.301216
16	4	0.237440
32	4	0.489728
64	4	0.483136
128	4	0.452032
256	4	0.550368
512	4	0.738496
1024	4	1.009216
2048	4	1.298464
4096	4	2.294656
8192	4	3.823808
16384	4	7.270944
32768	4	14.491585
65536	4	29.918497
131072	4	56.209122
4	8	0.316064
8	8	0.313696
16	8	0.427008
32	8	0.468288
64	8	0.453920
128	8	0.569504
256	8	0.554272
512	8	0.837920
1024	8	0.881824
2048	8	1.379872
4096	8	2.330528
8192	8	4.155008
16384	8	7.998720
32768	8	17.808161
65536	8	30.469856
131072	8	60.356800
4	16	0.316224
8	16	0.340992
16	16	0.476640
32	16	0.389632
64	16	0.456864
128	16	0.478560
256	16	0.578368
512	16	0.641120
1024	16	0.880096
2048	16	1.307392
4096	16	2.079456
8192	16	4.052352
16384	16	8.954656
32768	16	17.649504
65536	16	34.696766
131072	16	68.741348
4	32	0.347616
8	32	0.475200
16	32	0.468224
32	32	0.428704
64	32	0.366496
128	32	0.389728
256	32	0.499840
512	32	0.825344
1024	32	0.864640
2048	32	1.409088
4096	32	2.667808
8192	32	5.985312
16384	32	11.428544
32768	32	22.538849
65536	32	44.817024
131072	32	89.107071
4	64	0.449184
8	64	0.466176
16	64	0.447872
32	64	0.428256
64	64	0.463872
128	64	0.596480
256	64	0.589408
512	64	0.800288
1024	64	1.162336
2048	64	2.035584
4096	64	3.966944
8192	64	7.606624
16384	64	14.965471
32768	64	29.393921
65536	64	58.918526
131072	64	117.255676
4	128	0.449408
8	128	0.341760
16	128	0.491424
32	128	0.490368
64	128	0.520544
128	128	0.574048
256	128	0.736544
512	128	0.957792
1024	128	1.554624
2048	128	3.023232
4096	128	5.717728
8192	128	11.187648
16384	128	21.818945
32768	128	43.212929
65536	128	88.952766
131072	128	201.453415
4	256	0.456064
8	256	0.559072
16	256	0.504672
32	256	0.546048
64	256	0.501952
128	256	0.707200
256	256	0.874080
512	256	1.372128
1024	256	2.499776
2048	256	4.583840
4096	256	9.161600
8192	256	17.849697
16384	256	35.356480
32768	256	71.073311
65536	256	179.746826
131072	256	393.498474
4	512	0.338848
8	512	0.433120
16	512	0.444096
32	512	0.536736
64	512	0.589824
128	512	0.906720
256	512	1.220000
512	512	2.230528
1024	512	4.202016
2048	512	8.141248
4096	512	15.910528
8192	512	31.640896
16384	512	67.133469
32768	512	126.594688
65536	512	289.504517
131072	512	631.389832
4	1024	0.462944
8	1024	0.467968
16	1024	0.502080
32	1024	0.504320
64	1024	0.679648
128	1024	1.240832
256	1024	2.133984
512	1024	3.962880
1024	1024	7.653280
2048	1024	14.930207
4096	1024	29.576832
8192	1024	59.104992
16384	1024	117.460289
32768	1024	235.128387
65536	1024	522.524902
131072	1024	1093.313965
4	2048	0.436192
8	2048	0.484768
16	2048	0.591104
32	2048	0.768096
64	2048	1.216544
128	2048	2.168448
256	2048	3.835392
512	2048	7.528928
1024	2048	14.735744
2048	2048	29.409632
4096	2048	58.384930
8192	2048	116.326653
16384	2048	239.920639
32768	2048	488.889771
65536	2048	1023.101196
131072	2048	4400.294434
4	4096	0.628544
8	4096	0.684288
16	4096	0.750080
32	4096	1.199520
64	4096	2.134080
128	4096	3.668896
256	4096	7.226464
512	4096	14.228160
1024	4096	28.463329
2048	4096	59.811039
4096	4096	118.830818
8192	4096	236.734772
16384	4096	477.042664
32768	4096	983.514648
65536	4096	3496.453125
131072	4096	10424.414062
4	8192	0.502368
8	8192	0.784928
16	8192	1.211328
32	8192	2.032992
64	8192	3.860896
128	8192	7.305536
256	8192	14.217824
512	8192	28.432993
1024	8192	56.673538
2048	8192	114.534111
4096	8192	228.656860
8192	8192	476.730408
16384	8192	973.415039
32768	8192	2493.660645
65536	8192	6884.529297
4	16384	0.811072
8	16384	1.278112
16	16384	2.094400
32	16384	3.915072
64	16384	7.384544
128	16384	14.304832
256	16384	28.178431
512	16384	56.954399
1024	16384	113.471840
2048	16384	229.917419
4096	16384	459.253723
8192	16384	955.600342
16384	16384	2549.793945
32768	16384	5579.240234
4	32768	1.250976
8	32768	2.139104
16	32768	4.100352
32	32768	7.601376
64	32768	14.886752
128	32768	29.159328
256	32768	58.680031
512	32768	117.377861
1024	32768	231.913696
2048	32768	469.462738
4096	32768	965.212952
8192	32768	2458.137451
16384	32768	5710.307617
4	4	0.230752
8	4	0.295200
16	4	0.332448
32	4	0.495680
64	4	0.484416
128	4	0.424608
256	4	0.545376
512	4	0.654432
1024	4	1.000032
2048	4	1.310240
4096	4	2.216736
8192	4	3.921120
16384	4	7.457472
32768	4	16.892799
65536	4	28.265823
131072	4	56.318336
4	8	0.212768
8	8	0.250272
16	8	0.343776
32	8	0.438048
64	8	0.509120
128	8	0.423328
256	8	0.562336
512	8	0.625024
1024	8	0.935136
2048	8	1.382464
4096	8	2.303136
8192	8	4.019360
16384	8	9.053120
32768	8	16.322559
65536	8	30.438047
131072	8	60.532288
4	16	0.321088
8	16	0.411968
16	16	0.438560
32	16	0.651456
64	16	0.499776
128	16	0.387744
256	16	0.557184
512	16	0.638208
1024	16	0.853664
2048	16	1.315136
4096	16	2.299968
8192	16	3.928896
16384	16	8.823744
32768	16	17.359713
65536	16	34.700577
131072	16	69.196259
4	32	0.443584
8	32	0.435744
16	32	0.429728
32	32	0.434720
64	32	0.491904
128	32	0.516256
256	32	0.680032
512	32	0.751456
1024	32	0.908832
2048	32	1.509664
4096	32	2.803744
8192	32	5.868576
16384	32	11.444000
32768	32	22.331264
65536	32	44.718784
131072	32	89.909790
4	64	0.407232
8	64	0.459424
16	64	0.470208
32	64	0.357312
64	64	0.642656
128	64	0.425152
256	64	0.619584
512	64	0.812288
1024	64	1.235936
2048	64	1.923712
4096	64	3.852448
8192	64	7.650240
16384	64	15.009727
32768	64	29.613407
65536	64	58.726051
131072	64	117.716095
4	128	0.470400
8	128	0.439040
16	128	0.469408
32	128	0.450112
64	128	0.529536
128	128	0.548736
256	128	0.587776
512	128	0.960608
1024	128	1.464032
2048	128	3.117184
4096	128	5.639008
8192	128	11.009439
16384	128	21.849823
32768	128	43.389763
65536	128	86.086784
131072	128	205.190628
4	256	0.341824
8	256	0.426816
16	256	0.476096
32	256	0.501760
64	256	0.570304
128	256	0.616832
256	256	0.750592
512	256	1.387936
1024	256	2.447104
2048	256	4.786368
4096	256	9.109920
8192	256	17.889215
16384	256	35.611710
32768	256	70.960991
65536	256	179.437836
131072	256	394.765503
4	512	0.456800
8	512	0.445120
16	512	0.485632
32	512	0.495808
64	512	0.632160
128	512	0.820512
256	512	1.303552
512	512	2.234336
1024	512	4.197024
2048	512	8.152896
4096	512	15.936065
8192	512	31.665281
16384	512	66.200035
32768	512	126.932991
65536	512	289.675537
131072	512	631.173096
4	1024	0.428512
8	1024	0.375840
16	1024	0.590784
32	1024	0.723136
64	1024	0.756384
128	1024	1.234752
256	1024	2.172000
512	1024	4.012384
1024	1024	7.691744
2048	1024	15.023936
4096	1024	29.572416
8192	1024	58.837921
16384	1024	116.967422
32768	1024	235.947235
65536	1024	526.187439
131072	1024	1093.637695
4	2048	0.456864
8	2048	0.412384
16	2048	0.500544
32	2048	0.810592
64	2048	1.343360
128	2048	2.081472
256	2048	3.875232
512	2048	7.376960
1024	2048	14.626240
2048	2048	29.225346
4096	2048	58.165916
8192	2048	116.262238
16384	2048	241.965118
32768	2048	488.802063
65536	2048	1021.792969
131072	2048	4412.397949
4	4096	0.536128
8	4096	0.720480
16	4096	0.743968
32	4096	1.250688
64	4096	2.086560
128	4096	3.790880
256	4096	7.316672
512	4096	14.285503
1024	4096	28.435583
2048	4096	59.641151
4096	4096	119.031616
8192	4096	231.192963
16384	4096	471.361420
32768	4096	985.179565
65536	4096	3504.821045
131072	4096	10234.470703
4	8192	0.592608
8	8192	0.657664
16	8192	1.165888
32	8192	2.073248
64	8192	3.893376
128	8192	7.307488
256	8192	14.266624
512	8192	28.620224
1024	8192	56.836414
2048	8192	114.870331
4096	8192	236.598236
8192	8192	464.773987
16384	8192	982.455383
32768	8192	2491.772949
65536	8192	6864.491211
4	16384	0.774752
8	16384	1.281984
16	16384	2.100864
32	16384	3.942816
64	16384	7.436832
128	16384	14.351968
256	16384	28.384865
512	16384	56.994144
1024	16384	113.619904
2048	16384	229.865952
4096	16384	458.194122
8192	16384	950.189758
16384	16384	2552.344971
32768	16384	5615.553223
4	32768	1.296192
8	32768	2.243616
16	32768	3.907232
32	32768	7.501664
64	32768	15.231488
128	32768	29.152544
256	32768	58.784161
512	32768	117.745728
1024	32768	233.223572
2048	32768	469.277985
4096	32768	959.365356
8192	32768	2460.068604
16384	32768	5715.269531
4	4	0.288288
8	4	0.321792
16	4	0.459456
32	4	0.470400
64	4	0.540224
128	4	0.543072
256	4	0.548768
512	4	0.709408
1024	4	0.882592
2048	4	1.378144
4096	4	2.179840
8192	4	3.927360
16384	4	7.312128
32768	4	14.310464
65536	4	28.139616
131072	4	56.166687
4	8	0.277504
8	8	0.256768
16	8	0.444928
32	8	0.350528
64	8	0.399104
128	8	0.455744
256	8	0.552416
512	8	0.642880
1024	8	0.850656
2048	8	1.363264
4096	8	2.305792
8192	8	4.418272
16384	8	7.921024
32768	8	17.858047
65536	8	30.694399
131072	8	60.256065
4	16	0.218464
8	16	0.481632
16	16	0.457376
32	16	0.424032
64	16	0.544544
128	16	0.479200
256	16	0.509728
512	16	0.659488
1024	16	0.886688
2048	16	1.316704
4096	16	2.144672
8192	16	4.060128
16384	16	8.893344
32768	16	17.550560
65536	16	34.765953
131072	16	68.784126
4	32	0.511296
8	32	0.426016
16	32	0.459008
32	32	0.479680
64	32	0.461216
128	32	0.528224
256	32	0.584128
512	32	0.684768
1024	32	0.866336
2048	32	1.520416
4096	32	2.740096
8192	32	5.904032
16384	32	11.544864
32768	32	22.732672
65536	32	44.667423
131072	32	89.844833
4	64	0.336000
8	64	0.414336
16	64	0.426496
32	64	0.442304
64	64	0.508480
128	64	0.546848
256	64	0.633856
512	64	0.828608
1024	64	1.164160
2048	64	1.989984
4096	64	3.991648
8192	64	7.644448
16384	64	14.949184
32768	64	29.606272
65536	64	58.883327
131072	64	117.394943
4	128	0.554528
8	128	0.344192
16	128	0.403072
32	128	0.435776
64	128	0.517472
128	128	0.583840
256	128	0.704064
512	128	0.959904
1024	128	1.509888
2048	128	2.962080
4096	128	5.684288
8192	128	11.029024
16384	128	21.677952
32768	128	43.283295
65536	128	86.121407
131072	128	205.159546
4	256	0.526560
8	256	0.436224
16	256	0.469600
32	256	0.438720
64	256	0.508864
128	256	0.667680
256	256	0.837952
512	256	1.343200
1024	256	2.774432
2048	256	4.744800
4096	256	9.019296
8192	256	17.878399
16384	256	35.708511
32768	256	70.819588
65536	256	179.813568
131072	256	394.020874
4	512	0.429376
8	512	0.396768
16	512	0.469536
32	512	0.492128
64	512	0.658944
128	512	0.835392
256	512	1.374880
512	512	2.269632
1024	512	4.239296
2048	512	8.156288
4096	512	15.876575
8192	512	31.725889
16384	512	66.605759
32768	512	127.180283
65536	512	289.148499
131072	512	631.303528
4	1024	0.436928
8	1024	0.483264
16	1024	0.503776
32	1024	0.615104
64	1024	0.886784
128	1024	1.743520
256	1024	2.129248
512	1024	3.936960
1024	1024	7.635296
2048	1024	14.911040
4096	1024	29.633823
8192	1024	59.025505
16384	1024	117.762299
32768	1024	236.403427
65536	1024	527.250122
131072	1024	1086.097778
4	2048	0.559904
8	2048	0.500928
16	2048	0.589600
32	2048	0.786400
64	2048	1.173792
128	2048	2.102848
256	2048	3.827392
512	2048	7.438784
1024	2048	14.632576
2048	2048	29.379936
4096	2048	58.225986
8192	2048	116.503937
16384	2048	232.421219
32768	2048	499.861847
65536	2048	1027.487549
131072	2048	4416.426758
4	4096	0.543072
8	4096	0.500064
16	4096	0.698208
32	4096	1.143392
64	4096	2.044544
128	4096	3.783616
256	4096	7.256032
512	4096	14.160929
1024	4096	28.572224
2048	4096	59.542271
4096	4096	118.572189
8192	4096	230.767319
16384	4096	471.382263
32768	4096	980.794983
65536	4096	3497.435547
4	8192	0.614112
8	8192	0.732736
16	8192	1.173504
32	8192	2.040608
64	8192	3.801568
128	8192	7.286496
256	8192	14.256384
512	8192	28.580545
1024	8192	57.287552
2048	8192	115.035454
4096	8192	229.005981
8192	8192	478.432983
16384	8192	976.645874
32768	8192	2497.746582
65536	8192	6882.627930
4	16384	0.966528
8	16384	1.467008
16	16384	2.199488
32	16384	3.877792
64	16384	7.335872
128	16384	14.417664
256	16384	28.257023
512	16384	57.058590
1024	16384	113.889633
2048	16384	231.278214
4096	16384	458.521362
8192	16384	956.613953
16384	16384	2543.504150
32768	16384	5599.941406
4	32768	1.353600
8	32768	2.314624
16	32768	4.033536
32	32768	7.669312
64	32768	14.921376
128	32768	29.154432
256	32768	58.995136
512	32768	117.006882
1024	32768	232.663544
2048	32768	469.374725
4096	32768	964.907776
8192	32768	2452.707275
16384	32768	5700.868164
4	4	0.414912
8	4	0.273472
16	4	0.240416
32	4	0.566752
64	4	0.483008
128	4	0.488640
256	4	0.602944
512	4	0.702752
1024	4	0.904736
2048	4	1.406080
4096	4	2.251360
8192	4	4.012416
16384	4	7.554976
32768	4	12.559424
65536	4	28.101408
131072	4	56.173054
4	8	0.317824
8	8	0.306880
16	8	0.510592
32	8	0.493088
64	8	0.486752
128	8	0.507552
256	8	0.529088
512	8	0.788000
1024	8	0.949856
2048	8	1.433120
4096	8	2.241888
8192	8	4.148896
16384	8	7.859904
32768	8	16.373632
65536	8	30.462208
131072	8	60.583267
4	16	0.353568
8	16	0.438464
16	16	0.468000
32	16	0.348960
64	16	0.368960
128	16	0.390880
256	16	0.554752
512	16	0.667072
1024	16	0.888512
2048	16	1.299936
4096	16	2.171008
8192	16	4.062240
16384	16	8.953088
32768	16	17.462688
65536	16	34.809631
131072	16	68.895683
4	32	0.370176
8	32	0.422528
16	32	0.341280
32	32	0.462400
64	32	0.460032
128	32	0.398912
256	32	0.588000
512	32	0.715296
1024	32	1.047744
2048	32	1.522624
4096	32	2.609120
8192	32	5.913056
16384	32	11.641184
32768	32	22.737247
65536	32	44.689152
131072	32	89.286079
4	64	0.486784
8	64	0.447808
16	64	0.426912
32	64	0.423424
64	64	0.496576
128	64	0.477024
256	64	0.636800
512	64	0.690944
1024	64	1.156384
2048	64	1.950208
4096	64	4.006304
8192	64	7.552064
16384	64	14.936607
32768	64	29.536385
65536	64	58.698303
131072	64	117.839203
4	128	0.465664
8	128	0.471616
16	128	0.470336
32	128	0.480544
64	128	0.475424
128	128	0.641568
256	128	0.681024
512	128	0.961216
1024	128	1.658144
2048	128	3.198272
4096	128	5.695552
8192	128	10.993376
16384	128	21.787519
32768	128	43.572098
65536	128	89.044800
131072	128	201.834564
4	256	0.625312
8	256	0.440672
16	256	0.434816
32	256	0.588192
64	256	0.440704
128	256	0.676000
256	256	0.827392
512	256	1.396160
1024	256	2.403776
2048	256	4.681152
4096	256	9.025087
8192	256	17.962240
16384	256	35.492737
32768	256	70.795715
65536	256	180.069153
131072	256	395.160095
4	512	0.475840
8	512	0.354112
16	512	0.464384
32	512	0.515136
64	512	0.696192
128	512	0.783584
256	512	1.306656
512	512	2.163584
1024	512	4.219776
2048	512	8.148224
4096	512	16.077185
8192	512	31.464449
16384	512	66.356285
32768	512	131.938568
65536	512	291.706482
131072	512	630.879639
4	1024	0.418368
8	1024	0.546368
16	1024	0.575200
32	1024	0.683744
64	1024	0.804640
128	1024	1.415232
256	1024	2.202592
512	1024	3.871520
1024	1024	7.598752
2048	1024	14.998144
4096	1024	29.676256
8192	1024	59.018784
16384	1024	117.160957
32768	1024	235.588760
65536	1024	526.056458
131072	1024	1085.263550
4	2048	0.586816
8	2048	0.512320
16	2048	0.499968
32	2048	0.776576
64	2048	1.229632
128	2048	2.106432
256	2048	3.817472
512	2048	7.513600
1024	2048	14.626880
2048	2048	29.328863
4096	2048	58.364288
8192	2048	115.956581
16384	2048	232.778305
32768	2048	498.523376
65536	2048	1029.051025
131072	2048	4410.894043
4	4096	0.414016
8	4096	0.711936
16	4096	0.709568
32	4096	1.169536
64	4096	2.154624
128	4096	3.917536
256	4096	7.419424
512	4096	14.241184
1024	4096	28.545313
2048	4096	59.841022
4096	4096	118.752991
8192	4096	229.903107
16384	4096	470.813934
32768	4096	978.105652
65536	4096	3486.710693
4	8192	0.645952
8	8192	0.871744
16	8192	1.300896
32	8192	2.034624
64	8192	3.717952
128	8192	7.412320
256	8192	14.327296
512	8192	28.501120
1024	8192	57.132702
2048	8192	115.214272
4096	8192	229.137115
8192	8192	475.767670
16384	8192	973.391479
32768	8192	2495.052979
65536	8192	6895.441406
4	16384	0.804384
8	16384	1.460096
16	16384	2.111296
32	16384	3.819200
64	16384	7.436448
128	16384	14.313951
256	16384	28.278976
512	16384	56.985950
1024	16384	113.337982
2048	16384	229.274948
4096	16384	461.537292
8192	16384	952.656616
16384	16384	2542.177002
32768	16384	5603.246094
4	32768	1.322176
8	32768	2.382944
16	32768	4.053696
32	32768	7.461728
64	32768	14.939744
128	32768	29.104448
256	32768	58.868481
512	32768	117.133247
1024	32768	233.354401
2048	32768	474.556152
4096	32768	963.553162
8192	32768	2456.453125
16384	32768	5704.734375
4	4	0.325152
8	4	0.238272
16	4	0.355296
32	4	0.503040
64	4	0.394784
128	4	0.490368
256	4	0.568000
512	4	0.668992
1024	4	1.056352
2048	4	1.390304
4096	4	2.257984
8192	4	3.925664
16384	4	7.418016
32768	4	14.438463
65536	4	28.230946
131072	4	56.146626
4	8	0.216352
8	8	0.328768
16	8	0.477984
32	8	0.477824
64	8	0.366848
128	8	0.525472
256	8	0.433312
512	8	0.629056
1024	8	0.936448
2048	8	1.359840
4096	8	2.302176
8192	8	4.104192
16384	8	7.884576
32768	8	16.563040
65536	8	30.618656
131072	8	60.325634
4	16	0.306752
8	16	0.435520
16	16	0.344448
32	16	0.484512
64	16	0.513216
128	16	0.460032
256	16	0.506624
512	16	0.654784
1024	16	0.832416
2048	16	1.337376
4096	16	2.205216
8192	16	4.143392
16384	16	9.114976
32768	16	17.368736
65536	16	34.714336
131072	16	68.518913
4	32	0.413760
8	32	0.452128
16	32	0.342272
32	32	0.356832
64	32	0.465312
128	32	0.470208
256	32	0.755072
512	32	0.730848
1024	32	0.987776
2048	32	1.600352
4096	32	2.605312
8192	32	5.864352
16384	32	11.485664
32768	32	22.534784
65536	32	44.617023
131072	32	89.695488
4	64	0.524000
8	64	0.464960
16	64	0.483648
32	64	0.355904
64	64	0.368416
128	64	0.636384
256	64	0.609152
512	64	0.755584
1024	64	1.150080
2048	64	1.956416
4096	64	3.946144
8192	64	7.649344
16384	64	14.913280
32768	64	29.517248
65536	64	58.845886
131072	64	117.102974
4	128	0.458272
8	128	0.527008
16	128	0.465920
32	128	0.440320
64	128	0.524928
128	128	0.582592
256	128	0.690208
512	128	0.934272
1024	128	1.456224
2048	128	3.064032
4096	128	5.692096
8192	128	11.076832
16384	128	21.914017
32768	128	43.345154
65536	128	86.408638
131072	128	205.233856
4	256	0.408256
8	256	0.464000
16	256	0.478624
32	256	0.516608
64	256	0.442528
128	256	0.874880
256	256	0.818688
512	256	1.524192
1024	256	2.604000
2048	256	4.741664
4096	256	9.196384
8192	256	17.873953
16384	256	35.472351
32768	256	70.811295
65536	256	179.403748
131072	256	397.076660
4	512	0.390944
8	512	0.529440
16	512	0.370336
32	512	0.563168
64	512	0.694592
128	512	0.761120
256	512	1.358656
512	512	2.288352
1024	512	4.229408
2048	512	8.073503
4096	512	15.830144
8192	512	31.809025
16384	512	66.140701
32768	512	126.717209
65536	512	290.604950
131072	512	634.617188
4	1024	0.346880
8	1024	0.511072
16	1024	0.534560
32	1024	0.685952
64	1024	0.682240
128	1024	1.252128
256	1024	2.105344
512	1024	4.026016
1024	1024	7.640256
2048	1024	14.778368
4096	1024	29.616287
8192	1024	58.724861
16384	1024	117.325348
32768	1024	236.978271
65536	1024	541.429565
131072	1024	1275.702026
4	2048	0.562624
8	2048	0.930304
16	2048	0.677664
32	2048	0.812192
64	2048	1.406848
128	2048	2.313472
256	2048	4.118080
512	2048	8.200960
1024	2048	14.573088
2048	2048	30.457279
4096	2048	60.523426
8192	2048	120.509056
16384	2048	235.314758
32768	2048	483.138977
65536	2048	1021.634644
131072	2048	4388.190918
4	4096	0.413248
8	4096	0.608864
16	4096	0.778176
32	4096	1.196960
64	4096	2.056608
128	4096	3.769568
256	4096	7.307840
512	4096	14.296512
1024	4096	28.790241
2048	4096	59.777344
4096	4096	119.195419
8192	4096	229.647751
16384	4096	470.926270
32768	4096	983.600220
65536	4096	3479.954590
131072	4096	10355.947266
4	8192	0.715616
8	8192	0.787712
16	8192	1.213600
32	8192	2.115552
64	8192	3.815264
128	8192	7.375616
256	8192	14.562593
512	8192	28.585535
1024	8192	57.445248
2048	8192	115.517471
4096	8192	229.879227
8192	8192	476.031830
16384	8192	976.649048
32768	8192	2472.384766
65536	8192	6888.541992
4	16384	0.839712
8	16384	1.291456
16	16384	2.211744
32	16384	3.956096
64	16384	7.298560
128	16384	14.324352
256	16384	28.788864
512	16384	57.124191
1024	16384	113.329735
2048	16384	230.268097
4096	16384	458.258850
8192	16384	956.583984
16384	16384	2535.812500
32768	16384	5602.334473
4	32768	1.293088
8	32768	2.347040
16	32768	4.000000
32	32768	7.556128
64	32768	14.798656
128	32768	29.056671
256	32768	59.676224
512	32768	116.836960
1024	32768	233.066177
2048	32768	469.531586
4096	32768	962.393433
8192	32768	2456.729004
16384	32768	5708.334473
4	4	0.435296
8	4	0.327808
16	4	0.294592
32	4	0.511616
64	4	0.463136
128	4	0.509632
256	4	0.535328
512	4	0.650400
1024	4	0.890368
2048	4	1.221888
4096	4	2.174560
8192	4	3.891840
16384	4	7.352128
32768	4	14.355936
65536	4	28.309759
131072	4	56.194881
4	8	0.262656
8	8	0.268672
16	8	0.466432
32	8	0.469152
64	8	0.428416
128	8	0.511392
256	8	0.652640
512	8	0.666176
1024	8	0.917568
2048	8	1.389280
4096	8	2.286688
8192	8	4.235584
16384	8	7.910432
32768	8	17.775167
65536	8	30.865696
131072	8	60.810978
4	16	0.387712
8	16	0.460608
16	16	0.441536
32	16	0.480704
64	16	0.428800
128	16	0.513984
256	16	0.623200
512	16	0.641184
1024	16	0.958976
2048	16	1.203808
4096	16	2.197984
8192	16	4.059296
16384	16	8.916512
32768	16	17.402945
65536	16	35.102337
131072	16	69.130844
4	32	0.426048
8	32	0.345216
16	32	0.443776
32	32	0.446368
64	32	0.496416
128	32	0.428704
256	32	0.548160
512	32	0.721312
1024	32	0.972800
2048	32	1.337600
4096	32	2.732064
8192	32	5.853248
16384	32	11.420128
32768	32	22.589855
65536	32	45.678528
131072	32	88.998306
4	64	0.434048
8	64	0.430272
16	64	0.662592
32	64	0.492160
64	64	1.342560
128	64	0.519232
256	64	0.506976
512	64	0.773312
1024	64	1.141440
2048	64	2.073888
4096	64	3.996896
8192	64	7.672416
16384	64	14.961216
32768	64	30.397120
65536	64	59.316513
131072	64	117.349121
4	128	0.482304
8	128	0.401152
16	128	0.486528
32	128	0.447488
64	128	0.390144
128	128	0.545728
256	128	0.621824
512	128	0.932736
1024	128	1.577024
2048	128	3.016768
4096	128	5.620512
8192	128	11.005632
16384	128	21.956673
32768	128	43.238014
65536	128	88.679489
131072	128	202.886368
4	256	0.430336
8	256	0.639744
16	256	0.677664
32	256	0.506720
64	256	0.655680
128	256	0.640288
256	256	0.844288
512	256	1.420448
1024	256	2.593728
2048	256	4.925632
4096	256	9.345440
8192	256	17.943039
16384	256	35.395134
32768	256	70.733086
65536	256	179.959778
131072	256	396.528168
4	512	0.536224
8	512	0.448544
16	512	0.642176
32	512	0.597184
64	512	0.632672
128	512	1.001184
256	512	1.273792
512	512	2.263424
1024	512	4.264256
2048	512	8.188000
4096	512	16.041504
8192	512	31.863808
16384	512	66.314468
32768	512	127.478821
65536	512	290.383850
131072	512	630.531616
4	1024	0.525248
8	1024	0.485856
16	1024	0.410368
32	1024	0.595776
64	1024	0.809088
128	1024	1.241184
256	1024	2.138080
512	1024	4.320064
1024	1024	7.751200
2048	1024	15.331425
4096	1024	30.215553
8192	1024	60.275299
16384	1024	120.238663
32768	1024	240.404358
65536	1024	528.905212
131072	1024	1088.932129
4	2048	0.436288
8	2048	0.532768
16	2048	0.496384
32	2048	0.882784
64	2048	1.233088
128	2048	2.053344
256	2048	3.838624
512	2048	7.532864
1024	2048	35.777954
2048	2048	29.291231
4096	2048	58.266079
8192	2048	116.228737
16384	2048	241.277252
32768	2048	487.853821
65536	2048	1025.681396
131072	2048	4406.714844
4	4096	0.598112
8	4096	0.592288
16	4096	0.948928
32	4096	1.229152
64	4096	2.076736
128	4096	3.782240
256	4096	7.267520
512	4096	14.300447
1024	4096	28.876095
2048	4096	59.922848
4096	4096	119.504219
8192	4096	232.464874
16384	4096	470.558502
32768	4096	969.338745
65536	4096	3479.503906
4	8192	0.652928
8	8192	0.764096
16	8192	1.226944
32	8192	2.041952
64	8192	3.786048
128	8192	7.226432
256	8192	14.309024
512	8192	28.710274
1024	8192	57.664127
2048	8192	116.003014
4096	8192	274.489258
8192	8192	477.266876
16384	8192	972.057617
1024	256	26.506720
1024	256	11.471104
1024	256	2.766432
1024	256	477.789856
1024	2048	38.055103
1024	32768	287.276886
1024	32768	252.109406
1024	32768	1378.609741
1024	32768	235.322464
1024	32768	242.200470
1024	32768	244.829498
1024	327680	2607.958252
1024	327680	2368.228027
1024	327680	2360.791016
1024	327680	8938.564453
1024	1000	8.151680
1024	1000	7.746496
1024	10000	70.860382
1024	100000	743.800049
1024	100000	722.359619
1024	1	1.179616
1024	1000	7.791840
1024	1000	8.137152
1024	3276	61.730976
1024	3276	31.988735
1024	3276	24.037312
1024	1000	7.792480
1024	3276	46.397152
1024	3276	31.318655
1024	3276	23.686913
1024	32768	281.949341
1024	32768	248.093384
1024	32768	233.794678
1024	1000	7.096768
1024	1000	7.442400
