4	4	0.239200
8	4	0.332672
16	4	0.260608
32	4	0.447456
64	4	0.497696
128	4	0.591296
256	4	0.799840
4	4	0.237248
8	4	0.330688
16	4	0.259392
4	4	0.245184
8	4	0.222528
16	4	0.265952
32	4	0.454048
64	4	0.503328
128	4	0.565600
256	4	0.801632
512	4	1.208768
1024	4	2.021984
2048	4	3.667744
4096	4	6.945408
8192	4	13.436769
16384	4	26.697662
32768	4	52.946720
65536	4	98.451675
131072	4	184.111389
4	8	0.222528
8	8	0.203168
16	8	0.387616
32	8	0.412032
64	8	0.398784
128	8	0.536288
256	8	0.710912
512	8	1.047648
1024	8	1.743424
2048	8	3.129504
4096	8	5.845920
8192	8	11.432064
16384	8	22.571232
32768	8	47.244320
65536	8	94.298912
131072	8	188.211777
4	16	0.223712
8	16	0.328736
16	16	0.394944
32	16	0.357824
64	16	0.461376
128	16	0.542368
256	16	0.713664
512	16	1.247392
1024	16	2.101248
2048	16	3.822176
4096	16	7.202368
8192	16	14.332480
16384	16	29.485153
32768	16	58.473984
65536	16	100.371330
131072	16	198.366592
4	32	0.372416
8	32	0.475744
16	32	0.393600
32	32	0.394720
64	32	0.458304
128	32	0.556000
256	32	0.835168
512	32	1.133440
1024	32	1.892352
2048	32	3.422688
4096	32	6.646016
8192	32	13.733151
16384	32	27.230272
32768	32	53.967232
65536	32	107.527046
131072	32	215.241852
4	64	0.324224
8	64	0.388288
16	64	0.484032
32	64	0.418944
64	64	0.463264
128	64	0.571936
256	64	0.788288
512	64	1.316800
1024	64	2.085216
2048	64	3.929664
4096	64	7.970720
8192	64	15.671008
16384	64	31.094368
32768	64	62.050049
65536	64	123.594368
131072	64	247.865601
4	128	0.370464
8	128	0.482112
16	128	0.401952
32	128	0.428480
64	128	0.490464
128	128	0.570624
256	128	0.884192
512	128	1.411840
1024	128	2.571648
2048	128	5.100224
4096	128	9.903872
8192	128	19.737663
16384	128	38.900639
32768	128	77.773918
65536	128	155.278336
131072	128	386.456970
4	256	0.348320
8	256	0.389856
16	256	0.405664
32	256	0.456320
64	256	0.490688
128	256	0.754368
256	256	1.082816
512	256	2.118336
1024	256	3.608800
2048	256	6.983136
4096	256	13.887008
8192	256	27.423489
16384	256	54.371681
32768	256	108.615776
65536	256	272.319336
4	4	0.213632
8	4	0.238496
16	4	0.241088
32	4	0.405152
64	4	0.458304
128	4	0.536448
256	4	0.807744
512	4	1.042208
1024	4	1.721952
2048	4	3.089696
4096	4	5.818560
8192	4	11.731200
16384	4	22.325407
32768	4	44.289951
65536	4	92.890785
131072	4	185.077606
4	8	0.220864
8	8	0.227968
16	8	0.389824
32	8	0.410272
64	8	0.398976
128	8	0.637632
256	8	0.657824
512	8	1.051744
1024	8	1.749216
2048	8	3.087584
4096	8	5.914784
8192	8	11.478976
16384	8	22.691935
32768	8	47.703934
65536	8	94.906914
131072	8	188.850143
4	16	0.222432
8	16	0.385472
16	16	0.384448
32	16	0.408864
64	16	0.457280
128	16	0.485344
256	16	0.721248
512	16	1.185664
1024	16	2.098624
2048	16	3.738336
4096	16	7.204064
8192	16	14.153055
16384	16	29.425537
32768	16	58.133919
65536	16	99.532478
131072	16	198.836960
4	32	0.374464
8	32	0.382304
16	32	0.384480
32	32	0.411296
64	32	0.466048
128	32	0.548416
256	32	0.740608
512	32	1.076352
1024	32	1.989856
2048	32	3.434048
4096	32	6.652064
8192	32	13.689600
16384	32	27.236481
32768	32	53.994495
65536	32	107.709023
131072	32	215.126236
4	64	0.373344
8	64	0.330976
16	64	0.366144
32	64	0.414080
64	64	0.465760
128	64	0.578592
256	64	0.789216
512	64	1.224832
1024	64	2.030592
2048	64	3.972192
4096	64	8.048223
8192	64	15.695424
16384	64	31.191616
32768	64	62.116707
65536	64	123.895775
131072	64	247.908813
4	128	0.371360
8	128	0.384416
16	128	0.486368
32	128	0.421056
64	128	0.441344
128	128	0.625984
256	128	0.887616
512	128	1.366304
1024	128	2.582752
2048	128	5.063840
4096	128	9.907265
8192	128	19.762207
16384	128	38.928062
32768	128	78.097725
65536	128	155.711426
131072	128	387.386902
4	256	0.374688
8	256	0.339552
16	256	0.407968
32	256	0.447744
64	256	0.541536
128	256	0.737280
256	256	1.089472
512	256	1.904256
1024	256	3.659456
2048	256	6.955392
4096	256	13.771681
8192	256	27.423553
16384	256	60.300800
4	4	0.239424
8	4	0.271968
16	4	0.260000
32	4	0.448544
64	4	0.502336
128	4	0.685760
256	4	0.802400
512	4	1.214912
1024	4	1.970208
2048	4	3.667264
4096	4	7.035360
8192	4	13.623776
16384	4	26.567553
32768	4	52.908833
65536	4	98.129921
131072	4	184.913116
4	8	0.230368
8	8	0.316000
16	8	0.485376
32	8	0.412512
64	8	0.457280
128	8	0.539840
256	8	0.706912
512	8	1.310048
1024	8	1.990464
2048	8	3.698912
4096	8	7.017664
8192	8	13.642400
16384	8	26.866528
32768	8	55.982494
65536	8	99.414078
131072	8	189.262115
4	16	0.226368
8	16	0.331200
16	16	0.337504
32	16	0.413312
64	16	0.452896
128	16	0.537952
256	16	0.661376
512	16	1.083360
1024	16	1.794816
2048	16	3.232096
4096	16	6.119392
8192	16	11.969152
16384	16	25.090977
32768	16	49.854530
65536	16	99.569534
131072	16	198.700577
4	32	0.377568
8	32	0.385248
16	32	0.390240
32	32	0.408992
64	32	0.457920
128	32	0.496128
256	32	0.740608
512	32	1.129120
1024	32	2.440320
2048	32	3.426816
4096	32	6.643296
8192	32	13.776031
16384	32	27.233025
32768	32	54.067459
65536	32	107.885277
131072	32	215.892731
4	64	0.327680
8	64	0.394208
16	64	0.392448
32	64	0.425472
64	64	0.474400
128	64	0.578208
256	64	0.886592
512	64	1.167840
1024	64	2.027872
2048	64	3.936128
4096	64	7.980608
8192	64	15.708832
16384	64	31.152447
32768	64	62.275265
65536	64	123.742050
131072	64	247.344604
4	128	0.372192
8	128	0.381440
16	128	0.489216
32	128	0.423392
64	128	0.490848
128	128	0.626752
256	128	0.892544
512	128	1.422272
1024	128	2.580096
2048	128	5.113152
4096	128	9.910016
8192	128	19.704256
16384	128	39.003071
32768	128	78.021889
65536	128	170.226776
131072	128	387.342743
4	256	0.375808
8	256	0.335072
16	256	0.400608
32	256	0.453696
64	256	0.643648
128	256	0.678432
256	256	1.085568
512	256	1.901856
1024	256	3.560288
2048	256	7.008352
4096	256	13.799648
8192	256	27.533535
16384	256	54.696350
32768	256	108.739716
65536	256	272.196777
131072	256	582.174194
4	512	0.385632
8	512	0.401824
16	512	0.375456
32	512	0.492064
64	512	0.621184
128	512	0.837120
256	512	1.597184
512	512	2.755232
1024	512	5.416352
2048	512	10.711679
4096	512	20.748993
8192	512	41.249474
16384	512	88.779999
32768	512	167.680893
65536	512	382.751099
131072	512	818.971436
4	1024	0.381792
8	1024	0.421984
16	1024	0.469120
32	1024	0.577888
64	1024	0.791808
128	1024	1.311904
256	1024	2.358208
512	1024	4.522176
1024	1024	8.744768
2048	1024	17.293856
4096	1024	34.352928
8192	1024	68.390114
16384	1024	136.409088
32768	1024	281.051239
65536	1024	619.434937
131072	1024	1278.837769
4	2048	0.408064
8	2048	0.557120
16	2048	0.569632
32	2048	0.739488
64	2048	1.155200
128	2048	2.193568
256	2048	4.007904
512	2048	7.946848
1024	2048	15.907969
2048	2048	31.666721
4096	2048	62.998112
8192	2048	124.875778
16384	2048	254.130676
32768	2048	541.626465
65536	2048	1109.864502
131072	2048	4546.997559
4	4096	0.545376
8	4096	0.543680
16	4096	0.714112
32	4096	1.251168
64	4096	2.043520
128	4096	3.870208
256	4096	7.464640
512	4096	14.717665
1024	4096	30.584896
2048	4096	61.650719
4096	4096	122.960190
8192	4096	239.180328
16384	4096	490.188477
32768	4096	1003.146240
65536	4096	3554.690430
4	8192	0.551552
8	8192	0.716736
16	8192	1.103936
32	8192	2.033984
64	8192	3.778784
128	8192	7.354688
256	8192	14.395776
512	8192	29.167713
1024	8192	57.735458
2048	8192	114.969223
4096	8192	230.094604
8192	8192	480.101471
16384	8192	978.665527
32768	8192	2532.317871
65536	8192	6833.446289
4	16384	0.780000
8	16384	1.443072
16	16384	2.123168
32	16384	3.920480
64	16384	7.256224
128	16384	14.270400
256	16384	28.307362
512	16384	57.014847
1024	16384	113.346458
2048	16384	229.103348
4096	16384	458.771545
8192	16384	951.528564
16384	16384	2450.984863
32768	16384	5506.673828
4	32768	1.301664
8	32768	2.194432
16	32768	3.955872
32	32768	7.520736
64	32768	14.621057
128	32768	28.710590
256	32768	58.906979
512	32768	115.655167
1024	32768	229.488708
2048	32768	469.262512
4096	32768	962.407166
8192	32768	2361.689453
16384	32768	5452.947754
4	4	0.252352
8	4	0.340928
16	4	0.263520
32	4	0.449024
64	4	0.503168
128	4	0.580096
256	4	0.802304
512	4	1.208288
1024	4	1.970208
2048	4	3.659968
4096	4	6.937728
8192	4	13.485184
16384	4	26.626816
32768	4	52.942753
65536	4	92.457664
131072	4	183.882431
4	8	0.318368
8	8	0.228736
16	8	0.390176
32	8	0.411264
64	8	0.545696
128	8	0.545888
256	8	0.657408
512	8	1.046048
1024	8	1.996288
2048	8	3.693344
4096	8	7.045344
8192	8	13.720352
16384	8	27.196032
32768	8	53.259071
65536	8	97.047394
131072	8	188.294205
4	16	0.224128
8	16	0.384992
16	16	0.389632
32	16	0.383232
64	16	0.460480
128	16	0.542272
256	16	0.790528
512	16	1.074432
1024	16	1.794784
2048	16	3.236704
4096	16	6.119232
8192	16	11.938880
16384	16	25.015743
32768	16	49.639103
65536	16	99.243553
131072	16	197.884491
4	32	0.324768
8	32	0.325216
16	32	0.393344
32	32	0.411680
64	32	0.407040
128	32	0.542912
256	32	0.747488
512	32	1.128992
1024	32	1.892000
2048	32	3.426048
4096	32	6.665792
8192	32	13.634463
16384	32	27.019136
32768	32	53.976608
65536	32	107.515778
131072	32	215.123291
4	64	0.374304
8	64	0.385120
16	64	0.392512
32	64	0.489856
64	64	0.464608
128	64	0.579808
256	64	0.795840
512	64	1.223808
1024	64	2.077632
2048	64	4.131616
4096	64	8.059520
8192	64	15.663808
16384	64	31.353951
32768	64	62.241665
65536	64	123.484512
131072	64	247.890717
4	128	0.377344
8	128	0.336160
16	128	0.393504
32	128	0.421344
64	128	0.492384
128	128	0.633504
256	128	0.987520
512	128	1.419136
1024	128	2.582496
2048	128	5.143360
4096	128	9.824352
8192	128	19.841057
16384	128	38.986881
32768	128	77.709763
65536	128	167.577438
131072	128	387.127380
4	256	0.379584
8	256	0.340032
16	256	0.405728
32	256	0.455136
64	256	0.492128
128	256	0.679424
256	256	1.058496
512	256	1.949024
1024	256	3.613408
2048	256	7.001088
4096	256	13.752129
8192	256	27.392448
16384	256	54.426018
32768	256	108.374237
65536	256	271.901733
131072	256	580.998596
4	512	0.381248
8	512	0.395104
16	512	0.428032
32	512	0.621120
64	512	0.643520
128	512	0.891232
256	512	1.455360
512	512	2.787328
1024	512	5.328288
2048	512	10.494656
4096	512	20.703648
8192	512	41.311680
16384	512	89.269730
32768	512	166.565384
65536	512	382.660736
131072	512	820.034180
4	1024	0.387968
8	1024	0.419776
16	1024	0.555584
32	1024	0.524768
64	1024	0.796096
128	1024	1.337216
256	1024	2.393504
512	1024	4.599424
1024	1024	8.819904
2048	1024	17.475296
4096	1024	34.397667
8192	1024	71.466240
16384	1024	136.287872
32768	1024	278.859558
65536	1024	616.600708
131072	1024	1277.561157
4	2048	0.408864
8	2048	0.541920
16	2048	0.554176
32	2048	0.737184
64	2048	1.307456
128	2048	2.167008
256	2048	4.113952
512	2048	7.996672
1024	2048	16.001760
2048	2048	31.493664
4096	2048	62.929535
8192	2048	125.461220
16384	2048	253.709213
32768	2048	540.759216
65536	2048	1100.859863
131072	2048	4542.120117
4	4096	0.452224
8	4096	0.542016
16	4096	0.713568
32	4096	1.150624
64	4096	2.069568
128	4096	3.830528
256	4096	7.495360
512	4096	14.680544
1024	4096	29.648289
2048	4096	61.597408
4096	4096	123.447868
8192	4096	236.539642
16384	4096	489.389160
32768	4096	1015.885132
65536	4096	3542.977051
131072	4096	10026.531250
4	8192	0.549664
8	8192	0.666400
16	8192	1.143968
32	8192	1.959200
64	8192	3.728352
128	8192	7.444768
256	8192	14.444257
512	8192	28.952866
1024	8192	57.519550
2048	8192	114.742851
4096	8192	229.682343
8192	8192	478.253754
16384	8192	977.733337
32768	8192	2545.993164
65536	8192	6820.342773
4	16384	0.774720
8	16384	1.249888
16	16384	2.098880
32	16384	3.902400
64	16384	7.287648
128	16384	14.493888
256	16384	28.152769
512	16384	56.934433
1024	16384	113.870018
2048	16384	230.086731
4096	16384	459.925903
8192	16384	940.736328
16384	16384	2466.750977
32768	16384	5470.612793
4	32768	1.288544
8	32768	2.183040
16	32768	4.049504
32	32768	7.467872
64	32768	14.556031
128	32768	29.066336
256	32768	58.273922
512	32768	115.881569
1024	32768	231.208633
2048	32768	470.297394
4096	32768	963.447632
8192	32768	2371.878662
16384	32768	5472.168457
4	4	0.241888
8	4	0.220448
16	4	0.260384
32	4	0.448800
64	4	0.500128
128	4	0.604704
256	4	0.798656
512	4	1.211968
1024	4	2.023488
2048	4	3.661664
4096	4	7.033440
8192	4	13.564192
16384	4	26.812799
32768	4	47.393120
65536	4	91.843102
131072	4	183.477921
4	8	0.229088
8	8	0.230208
16	8	0.387328
32	8	0.414656
64	8	0.453184
128	8	0.614560
256	8	0.710016
512	8	1.239264
1024	8	2.061408
2048	8	3.722272
4096	8	7.042816
8192	8	13.685664
16384	8	27.164513
32768	8	56.451714
65536	8	96.161507
131072	8	188.401627
4	16	0.223296
8	16	0.379808
16	16	0.392416
32	16	0.408192
64	16	0.453184
128	16	0.538368
256	16	0.715712
512	16	1.020608
1024	16	1.790944
2048	16	3.202784
4096	16	6.093088
8192	16	11.929984
16384	16	25.068512
32768	16	49.586880
65536	16	99.214813
131072	16	197.461731
4	32	0.372352
8	32	0.379872
16	32	0.394336
32	32	0.367968
64	32	0.458432
128	32	0.547648
256	32	0.688992
512	32	1.130240
1024	32	1.837792
2048	32	3.372704
4096	32	6.722304
8192	32	13.677919
16384	32	27.350334
32768	32	53.887230
65536	32	107.507843
131072	32	215.168182
4	64	0.468192
8	64	0.379776
16	64	0.393472
32	64	0.418848
64	64	0.460576
128	64	0.571360
256	64	0.806400
512	64	1.217664
1024	64	2.025472
2048	64	3.926592
4096	64	7.929504
8192	64	15.665504
16384	64	31.042721
32768	64	62.030910
65536	64	123.369598
131072	64	247.591736
4	128	0.376000
8	128	0.384832
16	128	0.405440
32	128	0.424128
64	128	0.585536
128	128	0.629184
256	128	0.889024
512	128	1.413984
1024	128	2.546272
2048	128	5.103488
4096	128	9.824512
8192	128	19.646591
16384	128	39.054111
32768	128	77.730331
65536	128	155.064087
131072	128	390.358276
4	256	0.376352
8	256	0.343552
16	256	0.402720
32	256	0.452128
64	256	0.541376
128	256	0.734688
256	256	1.063392
512	256	1.908256
1024	256	3.699904
2048	256	7.053440
4096	256	13.779104
8192	256	27.304096
16384	256	54.436157
32768	256	108.566910
65536	256	272.300293
131072	256	581.307068
4	512	0.379072
8	512	0.397664
16	512	0.422976
32	512	0.496928
64	512	0.619968
128	512	0.886016
256	512	1.511328
512	512	2.784992
1024	512	5.340064
2048	512	10.480832
4096	512	20.754145
8192	512	41.220512
16384	512	88.822754
32768	512	167.956543
65536	512	383.181091
131072	512	820.198120
4	1024	0.381440
8	1024	0.363968
16	1024	0.465888
32	1024	0.575904
64	1024	0.876096
128	1024	1.314400
256	1024	2.475488
512	1024	4.504256
1024	1024	8.782752
2048	1024	17.374464
4096	1024	34.384705
8192	1024	68.427933
16384	1024	136.290970
32768	1024	278.522705
65536	1024	617.071838
131072	1024	1277.029907
4	2048	0.406080
8	2048	0.464768
16	2048	0.547648
32	2048	0.736064
64	2048	1.202144
128	2048	2.182432
256	2048	4.101568
512	2048	7.937632
1024	2048	15.891809
2048	2048	31.653057
4096	2048	63.307682
8192	2048	125.684731
16384	2048	261.993225
32768	2048	526.542786
65536	2048	1110.226318
131072	2048	4564.642090
4	4096	0.446240
8	4096	0.546976
16	4096	0.715520
32	4096	1.159648
64	4096	2.071776
128	4096	3.877824
256	4096	7.675296
512	4096	14.737344
1024	4096	29.510754
2048	4096	61.568066
4096	4096	123.134720
8192	4096	245.793152
16384	4096	497.001953
32768	4096	1005.330139
65536	4096	3556.206543
131072	4096	10017.955078
4	8192	0.538752
8	8192	0.686272
16	8192	1.140672
32	8192	1.988896
64	8192	3.739904
128	8192	7.348512
256	8192	14.415263
512	8192	28.829439
1024	8192	57.632866
2048	8192	115.893791
4096	8192	229.051422
8192	8192	478.007721
16384	8192	971.179321
32768	8192	2550.136230
65536	8192	6820.804688
4	16384	0.776384
8	16384	1.236224
16	16384	2.115296
32	16384	3.870848
64	16384	7.255904
128	16384	14.309504
256	16384	28.194466
512	16384	56.920769
1024	16384	112.906372
2048	16384	230.485184
4096	16384	457.730865
8192	16384	944.014465
16384	16384	2475.098633
32768	16384	5478.090332
4	32768	1.280224
8	32768	2.173024
16	32768	3.911424
32	32768	7.342496
64	32768	14.662048
128	32768	28.946625
256	32768	58.850498
512	32768	116.454300
1024	32768	229.441605
2048	32768	468.937927
4096	32768	963.590149
8192	32768	2371.466309
16384	32768	5471.958984
4	4	0.241664
8	4	0.246912
16	4	0.340896
32	4	0.446912
64	4	0.501888
128	4	0.600352
256	4	0.800832
512	4	1.221120
1024	4	2.025504
2048	4	3.660096
4096	4	6.938688
8192	4	13.516192
16384	4	26.601984
32768	4	53.029217
65536	4	98.567459
131072	4	184.157822
4	8	0.225216
8	8	0.232640
16	8	0.393408
32	8	0.362944
64	8	0.451776
128	8	0.539328
256	8	0.707744
512	8	1.053568
1024	8	2.049568
2048	8	3.722624
4096	8	7.042752
8192	8	13.696480
16384	8	27.209408
32768	8	53.745888
65536	8	94.381790
131072	8	188.477158
4	16	0.220352
8	16	0.380864
16	16	0.368864
32	16	0.412704
64	16	0.452672
128	16	0.541216
256	16	0.716448
512	16	1.389984
1024	16	1.795040
2048	16	3.178464
4096	16	6.106656
8192	16	11.954017
16384	16	25.470144
32768	16	49.561089
65536	16	99.119484
131072	16	198.275711
4	32	0.374400
8	32	0.329408
16	32	0.392352
32	32	0.420224
64	32	0.457280
128	32	0.548832
256	32	0.730624
512	32	1.070784
1024	32	1.986752
2048	32	3.427072
4096	32	6.628544
8192	32	13.657984
16384	32	27.095104
32768	32	54.006592
65536	32	107.470016
131072	32	215.037338
4	64	0.376960
8	64	0.380192
16	64	0.394656
32	64	0.414976
64	64	0.465920
128	64	0.581664
256	64	0.740928
512	64	1.230816
1024	64	2.074688
2048	64	4.014336
4096	64	8.012640
8192	64	15.743136
16384	64	31.092289
32768	64	62.066593
65536	64	123.485504
131072	64	247.233124
4	128	0.388128
8	128	0.381312
16	128	0.395904
32	128	0.420384
64	128	0.488672
128	128	0.627872
256	128	0.885024
512	128	1.414624
1024	128	2.578688
2048	128	5.105152
4096	128	9.896896
8192	128	19.748833
16384	128	38.914593
32768	128	77.831421
65536	128	155.227142
131072	128	392.221741
4	256	0.379232
8	256	0.396768
16	256	0.406816
32	256	0.455584
64	256	0.543808
128	256	0.735200
256	256	1.090880
512	256	1.897120
1024	256	3.605824
2048	256	6.984256
4096	256	13.800961
8192	256	27.338337
16384	256	54.472607
32768	256	108.557892
65536	256	272.342102
131072	256	580.603821
4	512	0.354944
8	512	0.348128
16	512	0.374240
32	512	0.440064
64	512	0.624544
128	512	0.886048
256	512	1.502912
512	512	2.798464
1024	512	5.425568
2048	512	10.522305
4096	512	20.865536
8192	512	41.128895
16384	512	88.893402
32768	512	164.727783
65536	512	383.651642
131072	512	821.510132
4	1024	0.385536
8	1024	0.428544
16	1024	0.471040
32	1024	0.517664
64	1024	0.787264
128	1024	1.320096
256	1024	2.379424
512	1024	4.500480
1024	1024	8.739232
2048	1024	17.391968
4096	1024	34.548416
8192	1024	68.602242
16384	1024	136.421631
32768	1024	279.001892
65536	1024	619.253296
131072	1024	1276.570557
4	2048	0.403616
8	2048	0.549376
16	2048	0.550400
32	2048	0.736288
64	2048	1.202208
128	2048	2.154816
256	2048	4.102144
512	2048	7.954976
1024	2048	15.922367
2048	2048	31.612000
4096	2048	62.959133
8192	2048	125.066589
16384	2048	267.355682
32768	2048	532.039429
65536	2048	1104.615967
131072	2048	4556.288574
4	4096	0.546048
8	4096	0.539968
16	4096	0.711328
32	4096	1.241472
64	4096	2.054400
128	4096	3.877120
256	4096	7.511872
512	4096	14.724447
1024	4096	29.586496
2048	4096	61.487007
4096	4096	123.041763
8192	4096	237.127945
16384	4096	490.197876
32768	4096	1000.846558
65536	4096	3536.606445
131072	4096	10009.923828
4	8192	0.548544
8	8192	0.711296
16	8192	1.153440
32	8192	2.012384
64	8192	3.778656
128	8192	7.333056
256	8192	14.395840
512	8192	29.086624
1024	8192	57.483170
2048	8192	114.835968
4096	8192	229.742615
8192	8192	480.289154
16384	8192	981.948608
32768	8192	2553.085449
65536	8192	6820.696289
4	16384	0.737856
8	16384	1.168704
16	16384	2.110624
32	16384	3.765024
64	16384	7.385280
128	16384	14.197599
256	16384	28.200768
512	16384	56.920799
1024	16384	113.974754
2048	16384	229.878174
4096	16384	461.553894
8192	16384	954.596558
16384	16384	2466.266113
32768	16384	5501.714355
4	32768	1.282272
8	32768	2.189824
16	32768	3.984064
32	32768	7.355648
64	32768	14.638176
128	32768	28.937119
256	32768	58.632195
512	32768	116.489441
1024	32768	230.689529
2048	32768	468.841949
4096	32768	966.414001
8192	32768	2360.946777
16384	32768	5464.492676
4	4	0.240160
8	4	0.252672
16	4	0.261248
32	4	0.497696
64	4	0.497920
128	4	0.604288
256	4	0.799104
512	4	1.206464
1024	4	2.019808
2048	4	3.664768
4096	4	6.950656
8192	4	13.433887
16384	4	26.604927
32768	4	49.813889
65536	4	94.991684
131072	4	183.617279
4	8	0.196000
8	8	0.226592
16	8	0.381504
32	8	0.413504
64	8	0.455104
128	8	0.535488
256	8	0.708960
512	8	1.214912
1024	8	2.293952
2048	8	3.706624
4096	8	7.042656
8192	8	13.705728
16384	8	27.117697
32768	8	56.321472
65536	8	97.395584
131072	8	188.171234
4	16	0.226112
8	16	0.319296
16	16	0.394816
32	16	0.412736
64	16	0.539520
128	16	0.538944
256	16	0.717056
512	16	1.076992
1024	16	1.791872
2048	16	3.322880
4096	16	6.103200
8192	16	11.939297
16384	16	25.036350
32768	16	50.073505
65536	16	99.079353
131072	16	197.589279
4	32	0.353088
8	32	0.333440
16	32	0.396448
32	32	0.410272
64	32	0.454624
128	32	0.595360
256	32	0.743328
512	32	1.130400
1024	32	1.971872
2048	32	3.428320
4096	32	6.773920
8192	32	13.635168
16384	32	27.060799
32768	32	53.893791
65536	32	107.303810
131072	32	215.090744
4	64	0.325952
8	64	0.385792
16	64	0.399520
32	64	0.363744
64	64	0.464352
128	64	0.671264
256	64	0.801856
512	64	1.312928
1024	64	2.073760
2048	64	3.933824
4096	64	7.990624
8192	64	15.663679
16384	64	31.114975
32768	64	62.223202
65536	64	123.671173
131072	64	246.868103
4	128	0.416576
8	128	0.402304
16	128	0.342784
32	128	0.436928
64	128	0.489120
128	128	0.630912
256	128	1.064992
512	128	1.412288
1024	128	2.579232
2048	128	5.067488
4096	128	9.905344
8192	128	19.703745
16384	128	38.943871
32768	128	78.193825
65536	128	168.227875
131072	128	387.298096
4	256	0.385024
8	256	0.390624
16	256	0.405952
32	256	0.450880
64	256	0.627776
128	256	0.727680
256	256	1.088416
512	256	1.904896
1024	256	3.605088
2048	256	7.090880
4096	256	13.748384
8192	256	27.408161
16384	256	54.429535
32768	256	108.770210
65536	256	273.079651
131072	256	580.953979
4	512	0.470720
8	512	0.392992
16	512	0.518048
32	512	0.495392
64	512	0.625344
128	512	0.838784
256	512	1.591648
512	512	2.810624
1024	512	5.354816
2048	512	10.307487
4096	512	20.740608
8192	512	41.321377
16384	512	89.310532
32768	512	168.633179
65536	512	383.470032
131072	512	824.406982
4	1024	0.383936
8	1024	0.414720
16	1024	0.468992
32	1024	0.590976
64	1024	0.760640
128	1024	1.353920
256	1024	2.395232
512	1024	4.512384
1024	1024	8.744832
2048	1024	17.395168
4096	1024	34.380577
8192	1024	68.527039
16384	1024	136.279129
32768	1024	278.408722
65536	1024	615.804871
131072	1024	1278.376709
4	2048	0.361728
8	2048	0.469696
16	2048	0.538336
32	2048	0.684928
64	2048	1.217472
128	2048	2.139328
256	2048	4.064096
512	2048	7.932448
1024	2048	15.904385
2048	2048	31.597279
4096	2048	62.957634
8192	2048	125.356796
16384	2048	253.677826
32768	2048	541.588257
65536	2048	1101.163696
131072	2048	4566.624023
4	4096	0.464288
8	4096	0.554720
16	4096	0.661952
32	4096	1.158784
64	4096	2.059136
128	4096	3.855424
256	4096	7.446304
512	4096	14.858944
1024	4096	29.716352
2048	4096	61.917053
4096	4096	122.860962
8192	4096	239.306366
16384	4096	490.106140
32768	4096	1012.151489
65536	4096	3551.393799
131072	4096	10026.744141
4	8192	0.546240
8	8192	0.665728
16	8192	1.090944
32	8192	2.035616
64	8192	3.792800
128	8192	7.365408
256	8192	14.400576
512	8192	28.883518
1024	8192	57.642529
2048	8192	115.310463
4096	8192	229.958176
8192	8192	479.750641
16384	8192	964.609436
32768	8192	2532.982178
65536	8192	6822.695801
4	16384	0.721856
8	16384	1.336160
16	16384	2.177248
32	16384	3.894624
64	16384	7.247616
128	16384	14.160288
256	16384	28.120640
512	16384	57.239361
1024	16384	113.501053
2048	16384	229.843903
4096	16384	458.711853
8192	16384	945.745789
16384	16384	2476.187988
32768	16384	5497.724609
4	32768	1.243072
8	32768	2.251712
16	32768	3.974880
32	32768	7.246912
64	32768	14.660319
128	32768	28.654305
256	32768	58.695297
512	32768	116.053055
1024	32768	233.146362
2048	32768	473.653839
4096	32768	960.383179
8192	32768	2375.748535
16384	32768	5472.118164
4	4	0.319648
8	4	0.250016
16	4	0.235872
32	4	0.451744
64	4	0.495136
128	4	0.547232
256	4	0.751680
512	4	1.250816
1024	4	2.109440
2048	4	3.650912
4096	4	7.033344
8192	4	13.446240
16384	4	26.548000
32768	4	52.986687
65536	4	98.394272
131072	4	183.883804
4	8	0.223776
8	8	0.230080
16	8	0.401856
32	8	0.411904
64	8	0.448640
128	8	0.635776
256	8	0.709184
512	8	1.349952
1024	8	2.046560
2048	8	3.715296
4096	8	7.129056
8192	8	13.696095
16384	8	27.206976
32768	8	56.426239
65536	8	98.455940
131072	8	188.423553
4	16	0.222976
8	16	0.326560
16	16	0.392768
32	16	0.382048
64	16	0.458848
128	16	0.540352
256	16	0.719264
512	16	1.078880
1024	16	1.798176
2048	16	3.239808
4096	16	6.052384
8192	16	11.952416
16384	16	25.005760
32768	16	49.830498
65536	16	99.170372
131072	16	197.706726
4	32	0.327616
8	32	0.377376
16	32	0.389472
32	32	0.416736
64	32	0.404800
128	32	0.493888
256	32	0.688704
512	32	1.228320
1024	32	1.840544
2048	32	3.382944
4096	32	6.642368
8192	32	13.745377
16384	32	27.078592
32768	32	53.894432
65536	32	107.599777
131072	32	214.935898
4	64	0.370112
8	64	0.372256
16	64	0.400128
32	64	0.417408
64	64	0.462944
128	64	0.668704
256	64	0.806048
512	64	1.222272
1024	64	2.085440
2048	64	4.036160
4096	64	7.956096
8192	64	15.663392
16384	64	31.077089
32768	64	61.969025
65536	64	123.757828
131072	64	246.833954
4	128	0.374880
8	128	0.334400
16	128	0.399648
32	128	0.423136
64	128	0.495008
128	128	0.629088
256	128	0.886880
512	128	1.409280
1024	128	2.553632
2048	128	5.107616
4096	128	9.918784
8192	128	19.753792
16384	128	38.911968
32768	128	77.738686
65536	128	164.346207
131072	128	386.503876
4	256	0.378400
8	256	0.487456
16	256	0.502848
32	256	0.496160
64	256	0.488864
128	256	0.826432
256	256	1.090368
512	256	1.907744
1024	256	3.617952
2048	256	6.921824
4096	256	13.787264
8192	256	27.286049
16384	256	54.354782
32768	256	108.980865
65536	256	272.630829
131072	256	580.768921
4	512	0.324384
8	512	0.392608
16	512	0.368096
32	512	0.498784
64	512	0.624768
128	512	0.890688
256	512	1.490240
512	512	2.884224
1024	512	5.351840
2048	512	10.462048
4096	512	20.732609
8192	512	41.150688
16384	512	88.244675
32768	512	166.059998
65536	512	382.222961
131072	512	821.017578
4	1024	0.383680
8	1024	0.422176
16	1024	0.465888
32	1024	0.523584
64	1024	0.737376
128	1024	1.310112
256	1024	2.377184
512	1024	4.513920
1024	1024	8.767776
2048	1024	17.327520
4096	1024	34.349663
8192	1024	68.627838
16384	1024	136.568481
32768	1024	278.350861
65536	1024	616.515503
131072	1024	1280.668701
4	2048	0.355328
8	2048	0.458592
16	2048	0.556512
32	2048	0.737696
64	2048	1.209920
128	2048	2.262080
256	2048	4.057120
512	2048	8.050336
1024	2048	15.869088
2048	2048	31.610527
4096	2048	62.976643
8192	2048	125.522942
16384	2048	264.894958
32768	2048	530.531799
65536	2048	1102.742920
131072	2048	4563.832031
4	4096	0.546016
8	4096	0.612864
16	4096	0.720000
32	4096	1.152672
64	4096	2.148768
128	4096	3.806304
256	4096	7.451648
512	4096	14.729536
1024	4096	29.435297
2048	4096	61.682529
4096	4096	122.856766
8192	4096	245.145172
16384	4096	496.095612
32768	4096	1012.740051
65536	4096	3547.905273
131072	4096	10014.419922
4	8192	0.490272
8	8192	0.717792
16	8192	1.154144
32	8192	2.009312
64	8192	3.850496
128	8192	7.382112
256	8192	14.387360
512	8192	28.757824
1024	8192	57.454048
2048	8192	114.750908
4096	8192	229.119904
8192	8192	481.813934
16384	8192	969.285278
32768	8192	2538.274902
65536	8192	6838.178711
4	16384	0.778048
8	16384	1.283680
16	16384	2.096608
32	16384	3.850624
64	16384	7.274784
128	16384	14.284287
256	16384	28.162560
512	16384	56.943073
1024	16384	113.556099
2048	16384	230.073868
4096	16384	459.670502
8192	16384	947.666565
16384	16384	2478.281738
32768	16384	5497.987793
4	32768	1.273088
8	32768	2.143392
16	32768	4.064256
32	32768	7.492960
64	32768	14.699520
128	32768	28.636353
256	32768	58.335873
512	32768	115.919395
1024	32768	229.077820
2048	32768	468.174469
4096	32768	964.761353
8192	32768	2363.478271
16384	32768	5439.966309
4	4	0.216128
8	4	0.246368
16	4	0.258080
32	4	0.444480
64	4	0.503072
128	4	0.552160
256	4	0.805504
512	4	1.213152
1024	4	2.115360
2048	4	3.660768
4096	4	6.939072
8192	4	13.492512
16384	4	26.695232
32768	4	55.526688
65536	4	94.220703
131072	4	184.205078
4	8	0.197440
8	8	0.229440
16	8	0.335744
32	8	0.404448
64	8	0.459936
128	8	0.491424
256	8	0.707904
512	8	1.051488
1024	8	2.050528
2048	8	3.713568
4096	8	7.045120
8192	8	13.648767
16384	8	27.221279
32768	8	55.018303
65536	8	94.487335
131072	8	188.544891
4	16	0.222336
8	16	0.379040
16	16	0.389728
32	16	0.413568
64	16	0.521536
128	16	0.488096
256	16	0.714848
512	16	1.078528
1024	16	1.791616
2048	16	3.221664
4096	16	6.192736
8192	16	11.896640
16384	16	24.939232
32768	16	49.551712
65536	16	99.173859
131072	16	198.379425
4	32	0.360512
8	32	0.386080
16	32	0.390112
32	32	0.411200
64	32	0.465888
128	32	0.548032
256	32	0.835296
512	32	1.144896
1024	32	1.986144
2048	32	3.425248
4096	32	6.703456
8192	32	13.655776
16384	32	27.088993
32768	32	53.795296
65536	32	107.791298
131072	32	215.344376
4	64	0.321600
8	64	0.384128
16	64	0.398944
32	64	0.367296
64	64	0.548096
128	64	0.529184
256	64	0.787584
512	64	1.222944
1024	64	2.169536
2048	64	3.920672
4096	64	7.894752
8192	64	15.675169
16384	64	31.141727
32768	64	62.149948
65536	64	123.345062
131072	64	247.365372
4	128	0.378496
8	128	0.392096
16	128	0.400448
32	128	0.423648
64	128	0.501408
128	128	0.627744
256	128	0.838336
512	128	1.422816
1024	128	2.529792
2048	128	5.201888
4096	128	9.895296
8192	128	19.622688
16384	128	39.070625
32768	128	77.973053
65536	128	154.813416
131072	128	390.551147
4	256	0.328160
8	256	0.346304
16	256	0.405152
32	256	0.453024
64	256	0.535360
128	256	0.735648
256	256	1.038048
512	256	1.908192
1024	256	3.564128
2048	256	7.103264
4096	256	13.718592
8192	256	27.325056
16384	256	54.531166
32768	256	108.752960
65536	256	271.453308
131072	256	582.239746
4	512	0.373216
8	512	0.396704
16	512	0.423616
32	512	0.495072
64	512	0.623392
128	512	0.893376
256	512	1.505920
512	512	2.743008
1024	512	5.275712
2048	512	10.484545
4096	512	20.734016
8192	512	41.248928
16384	512	88.743042
32768	512	167.125595
65536	512	382.323578
131072	512	821.005920
4	1024	0.380256
8	1024	0.369024
16	1024	0.560992
32	1024	0.576992
64	1024	0.788704
128	1024	1.309280
256	1024	2.398496
512	1024	4.512448
1024	1024	8.786176
2048	1024	17.443199
4096	1024	34.336639
8192	1024	68.381500
16384	1024	136.254654
32768	1024	278.978760
65536	1024	619.900757
131072	1024	1281.002563
4	2048	0.402656
8	2048	0.404704
16	2048	0.501536
32	2048	0.772128
64	2048	1.325984
128	2048	2.157728
256	2048	4.085248
512	2048	7.892704
1024	2048	15.766304
2048	2048	31.492416
4096	2048	62.773567
8192	2048	125.145668
16384	2048	267.339935
32768	2048	531.879089
65536	2048	1102.549438
131072	2048	4567.014648
4	4096	0.456224
8	4096	0.547520
16	4096	0.705824
32	4096	1.183264
64	4096	2.066336
128	4096	3.858112
256	4096	7.516224
512	4096	14.750655
1024	4096	29.443424
2048	4096	61.683231
4096	4096	123.102112
8192	4096	237.344376
16384	4096	490.288544
32768	4096	1012.047119
65536	4096	3554.990967
131072	4096	10027.138672
4	8192	0.545088
8	8192	0.654464
16	8192	1.150464
32	8192	2.019808
64	8192	3.856192
128	8192	7.360896
256	8192	14.393504
512	8192	28.944223
1024	8192	57.549534
2048	8192	115.063774
4096	8192	237.945755
8192	8192	469.502808
16384	8192	979.403442
32768	8192	2551.138184
65536	8192	6811.826172
4	16384	0.776448
8	16384	1.232224
16	16384	2.115360
32	16384	3.890624
64	16384	7.252992
128	16384	14.255296
256	16384	28.334370
512	16384	56.983616
1024	16384	113.717728
2048	16384	230.016891
4096	16384	458.648254
8192	16384	943.210449
16384	16384	2468.967529
32768	16384	5494.834473
4	32768	1.286080
8	32768	2.182464
16	32768	3.880480
32	32768	7.336864
64	32768	14.863585
128	32768	28.768639
256	32768	58.554913
512	32768	116.478531
1024	32768	230.905502
2048	32768	469.387604
4096	32768	958.996216
8192	32768	2367.005371
16384	32768	5467.988770
4	4	0.243648
8	4	0.248864
16	4	0.261344
32	4	0.447072
64	4	0.509984
128	4	0.605024
256	4	0.811680
512	4	1.213376
1024	4	2.027232
2048	4	3.612992
4096	4	6.917536
8192	4	13.486913
16384	4	26.551456
32768	4	52.900478
65536	4	94.972481
131072	4	184.141861
4	8	0.223904
8	8	0.231264
16	8	0.397952
32	8	0.358400
64	8	0.400736
128	8	0.485664
256	8	0.709376
512	8	1.050400
1024	8	2.032512
2048	8	3.719808
4096	8	7.051872
8192	8	13.986625
16384	8	27.122784
32768	8	56.589825
65536	8	94.935646
131072	8	188.359894
4	16	0.202464
8	16	0.377056
16	16	0.413280
32	16	0.410528
64	16	0.546720
128	16	0.542624
256	16	0.717440
512	16	1.092096
1024	16	1.788192
2048	16	3.270848
4096	16	6.093408
8192	16	11.943200
16384	16	24.982943
32768	16	49.748001
65536	16	99.051903
131072	16	197.921310
4	32	0.465376
8	32	0.381152
16	32	0.390784
32	32	0.416864
64	32	0.462368
128	32	0.550112
256	32	0.739200
512	32	1.125600
1024	32	1.840416
2048	32	3.423168
4096	32	6.631744
8192	32	13.657728
16384	32	27.151838
32768	32	53.872383
65536	32	107.619583
131072	32	215.738815
4	64	0.319040
8	64	0.335296
16	64	0.389504
32	64	0.418592
64	64	0.476000
128	64	0.575904
256	64	0.796864
512	64	1.249056
1024	64	2.081632
2048	64	3.951424
4096	64	7.977728
8192	64	15.665695
16384	64	31.081631
32768	64	62.096638
65536	64	123.641060
131072	64	246.619431
4	128	0.467200
8	128	0.332960
16	128	0.397984
32	128	0.423712
64	128	0.494464
128	128	0.627712
256	128	0.892672
512	128	1.412992
1024	128	2.572032
2048	128	5.085024
4096	128	9.894815
8192	128	19.681633
16384	128	38.778816
32768	128	77.757858
65536	128	154.934143
131072	128	390.258392
4	256	0.470656
8	256	0.387936
16	256	0.407616
32	256	0.426496
64	256	0.541472
128	256	0.744544
256	256	1.097952
512	256	1.899488
1024	256	3.852896
2048	256	7.008800
4096	256	13.678720
8192	256	27.319551
16384	256	54.610847
32768	256	108.583969
65536	256	272.626282
131072	256	581.255493
4	512	0.386912
8	512	0.388352
16	512	0.432064
32	512	0.467488
64	512	0.691072
128	512	0.912672
256	512	1.608032
512	512	2.785504
1024	512	5.328448
2048	512	10.499424
4096	512	20.679968
8192	512	41.291649
16384	512	89.234787
32768	512	168.576126
65536	512	382.330444
131072	512	820.980713
4	1024	0.381920
8	1024	0.443072
16	1024	0.471808
32	1024	0.572480
64	1024	0.876192
128	1024	1.406912
256	1024	2.383104
512	1024	4.596608
1024	1024	8.723424
2048	1024	17.341120
4096	1024	34.402431
8192	1024	68.580383
16384	1024	136.900513
32768	1024	279.378021
65536	1024	621.169189
131072	1024	1273.213013
4	2048	0.474880
8	2048	0.453152
16	2048	0.550464
32	2048	0.734464
64	2048	1.224768
128	2048	2.172992
256	2048	4.080416
512	2048	7.944640
1024	2048	15.763136
2048	2048	31.583807
4096	2048	62.763107
8192	2048	125.449631
16384	2048	253.186218
32768	2048	543.020935
65536	2048	1109.182617
131072	2048	4557.297363
4	4096	0.456160
8	4096	0.492928
16	4096	0.664128
32	4096	1.131072
64	4096	2.060192
128	4096	3.848928
256	4096	7.475488
512	4096	14.657057
1024	4096	29.568768
2048	4096	61.601120
4096	4096	122.609985
8192	4096	237.288864
16384	4096	490.276917
32768	4096	1009.847595
65536	4096	3545.701172
4	8192	0.552160
8	8192	0.724384
16	8192	1.139168
32	8192	1.993952
64	8192	3.786560
128	8192	7.344160
256	8192	14.383264
512	8192	28.952961
1024	8192	57.996769
2048	8192	115.293282
4096	8192	229.454880
8192	8192	483.824524
16384	8192	974.839478
32768	8192	2547.106201
65536	8192	6836.726562
4	16384	0.727424
8	16384	1.411552
16	16384	2.130848
32	16384	3.800576
64	16384	7.261472
128	16384	14.369696
256	16384	28.176384
512	16384	57.085697
1024	16384	113.977692
2048	16384	231.287338
4096	16384	458.759369
8192	16384	948.403259
16384	16384	2459.895508
32768	16384	5496.560547
4	32768	1.294464
8	32768	2.302080
16	32768	3.999296
32	32768	7.539648
64	32768	14.689280
128	32768	29.013985
256	32768	58.600674
512	32768	115.938789
1024	32768	232.052704
2048	32768	469.246063
4096	32768	964.839844
8192	32768	2358.032227
16384	32768	5460.695801
4	4	0.332800
8	4	0.226656
16	4	0.237920
32	4	0.541728
64	4	0.502688
128	4	0.599808
256	4	0.804672
512	4	1.216416
1024	4	2.022016
2048	4	3.748416
4096	4	7.033056
8192	4	14.270528
16384	4	26.621119
32768	4	49.572449
65536	4	94.965561
131072	4	184.021881
4	8	0.225248
8	8	0.232224
16	8	0.471840
32	8	0.411200
64	8	0.456640
128	8	0.537792
256	8	0.710464
512	8	1.137120
1024	8	2.056352
2048	8	3.803168
4096	8	7.041344
8192	8	13.693601
16384	8	27.116352
32768	8	56.716640
65536	8	94.571388
131072	8	188.873947
4	16	0.301664
8	16	0.394208
16	16	0.389696
32	16	0.357376
64	16	0.406752
128	16	0.492032
256	16	0.714784
512	16	1.074976
1024	16	1.789376
2048	16	3.234176
4096	16	6.106720
8192	16	11.944927
16384	16	25.034048
32768	16	49.649055
65536	16	99.149406
131072	16	198.209656
4	32	0.351136
8	32	0.376800
16	32	0.334944
32	32	0.401472
64	32	0.457824
128	32	0.500096
256	32	0.739744
512	32	1.118592
1024	32	1.893248
2048	32	3.431840
4096	32	6.584576
8192	32	13.668192
16384	32	27.294559
32768	32	54.064575
65536	32	107.566658
131072	32	215.371841
4	64	0.450880
8	64	0.372672
16	64	0.391456
32	64	0.417472
64	64	0.473120
128	64	0.576672
256	64	0.784480
512	64	1.179488
1024	64	2.074016
2048	64	3.920800
4096	64	7.990976
8192	64	15.634273
16384	64	31.076256
32768	64	62.089600
65536	64	123.480927
131072	64	247.165512
4	128	0.376256
8	128	0.389024
16	128	0.394752
32	128	0.429536
64	128	0.489184
128	128	0.721120
256	128	0.890080
512	128	1.415232
1024	128	2.581152
2048	128	5.136640
4096	128	9.873664
8192	128	19.683552
16384	128	38.869057
32768	128	78.136864
65536	128	167.443939
131072	128	386.832062
4	256	0.536384
8	256	0.371136
16	256	0.413888
32	256	0.538752
64	256	0.493632
128	256	0.737568
256	256	1.083808
512	256	1.907520
1024	256	3.556864
2048	256	6.989824
4096	256	13.732288
8192	256	27.486401
16384	256	54.384960
32768	256	108.595490
65536	256	272.526215
131072	256	582.624756
4	512	0.381408
8	512	0.347008
16	512	0.429024
32	512	0.498848
64	512	0.716800
128	512	0.889120
256	512	1.507392
512	512	2.735808
1024	512	5.316608
2048	512	10.525375
4096	512	20.827904
8192	512	41.058529
16384	512	88.938049
32768	512	177.080765
65536	512	384.461761
131072	512	820.784058
4	1024	0.384992
8	1024	0.410592
16	1024	0.538656
32	1024	0.665088
64	1024	0.787936
128	1024	1.486144
256	1024	2.398432
512	1024	4.452032
1024	1024	8.764608
2048	1024	17.382145
4096	1024	34.430016
8192	1024	68.563423
16384	1024	136.198853
32768	1024	278.550354
65536	1024	620.557861
131072	1024	1272.741699
4	2048	0.498624
8	2048	0.470688
16	2048	0.499552
32	2048	0.760096
64	2048	1.213728
128	2048	2.157280
256	2048	4.068992
512	2048	8.010720
1024	2048	15.799520
2048	2048	31.554657
4096	2048	63.017792
8192	2048	124.940033
16384	2048	253.492889
32768	2048	541.243225
65536	2048	1110.836792
131072	2048	4553.967285
4	4096	0.399072
8	4096	0.635648
16	4096	0.692384
32	4096	1.152640
64	4096	2.044224
128	4096	3.889216
256	4096	7.616576
512	4096	14.731456
1024	4096	29.585569
2048	4096	61.940765
4096	4096	122.820801
8192	4096	236.101379
16384	4096	489.615906
32768	4096	1007.230896
65536	4096	3542.094971
4	8192	0.551648
8	8192	0.798560
16	8192	1.270560
32	8192	1.987008
64	8192	3.751072
128	8192	7.476064
256	8192	14.448960
512	8192	28.901152
1024	8192	57.817375
2048	8192	115.404091
4096	8192	229.574493
8192	8192	480.537659
16384	8192	970.187622
32768	8192	2543.138428
65536	8192	6837.761719
4	16384	0.753504
8	16384	1.419584
16	16384	2.107744
32	16384	3.757248
64	16384	7.328704
128	16384	14.255551
256	16384	28.220736
512	16384	56.998878
1024	16384	113.440315
2048	16384	229.330139
4096	16384	461.940002
8192	16384	945.481567
16384	16384	2476.923828
32768	16384	5494.366211
4	32768	1.285024
8	32768	2.371584
16	32768	3.977280
32	32768	7.291392
64	32768	14.696352
128	32768	28.885088
256	32768	58.737408
512	32768	116.420670
1024	32768	232.764542
2048	32768	474.460571
4096	32768	962.919312
8192	32768	2358.825195
16384	32768	5450.296875
4	4	0.242880
8	4	0.226112
16	4	0.263616
32	4	0.447360
64	4	0.447488
128	4	0.600832
256	4	0.807232
512	4	1.213280
1024	4	2.169952
2048	4	3.748032
4096	4	6.973632
8192	4	13.498496
16384	4	26.659584
32768	4	52.943390
65536	4	92.007713
131072	4	183.835480
4	8	0.200320
8	8	0.236064
16	8	0.390112
32	8	0.419104
64	8	0.400832
128	8	0.538944
256	8	0.653024
512	8	1.046176
1024	8	2.050816
2048	8	3.716608
4096	8	7.041792
8192	8	13.693248
16384	8	27.138144
32768	8	55.881214
65536	8	94.546051
131072	8	188.389343
4	16	0.221664
8	16	0.386272
16	16	0.337696
32	16	0.417760
64	16	0.551200
128	16	0.539776
256	16	0.714624
512	16	1.079424
1024	16	1.765056
2048	16	3.237888
4096	16	6.102240
8192	16	11.949504
16384	16	25.003937
32768	16	49.571262
65536	16	99.220253
131072	16	197.426178
4	32	0.380992
8	32	0.382720
16	32	0.336096
32	32	0.365344
64	32	0.460736
128	32	0.552800
256	32	0.933312
512	32	1.126368
1024	32	1.890016
2048	32	3.491712
4096	32	6.573056
8192	32	13.651968
16384	32	27.100864
32768	32	53.953312
65536	32	107.429474
131072	32	215.528702
4	64	0.372064
8	64	0.383712
16	64	0.401472
32	64	0.366144
64	64	0.408000
128	64	0.670560
256	64	0.773600
512	64	1.226336
1024	64	2.084544
2048	64	3.930400
4096	64	7.992864
8192	64	15.669856
16384	64	31.025473
32768	64	62.058495
65536	64	124.502434
131072	64	246.939423
4	128	0.375360
8	128	0.483200
16	128	0.396608
32	128	0.422432
64	128	0.495360
128	128	0.621920
256	128	0.864352
512	128	1.421280
1024	128	2.523264
2048	128	5.194656
4096	128	9.961376
8192	128	19.646049
16384	128	39.064064
32768	128	78.148804
65536	128	155.202148
131072	128	390.444214
4	256	0.326976
8	256	0.392032
16	256	0.409856
32	256	0.453024
64	256	0.495296
128	256	0.765408
256	256	1.081664
512	256	1.997728
1024	256	3.618176
2048	256	7.012352
4096	256	13.804768
8192	256	27.264160
16384	256	54.569855
32768	256	108.716286
65536	256	272.011871
131072	256	584.466431
4	512	0.322976
8	512	0.461472
16	512	0.373568
32	512	0.562880
64	512	0.687296
128	512	0.897600
256	512	1.583808
512	512	2.891424
1024	512	5.337888
2048	512	10.443583
4096	512	20.622976
8192	512	41.433952
16384	512	88.816895
32768	512	165.056000
65536	512	383.523651
131072	512	824.630493
4	1024	0.331616
8	1024	0.482912
16	1024	0.470912
32	1024	0.644000
64	1024	0.736352
128	1024	1.331040
256	1024	2.330688
512	1024	4.544416
1024	1024	8.762304
2048	1024	17.177889
4096	1024	34.498913
8192	1024	68.571968
16384	1024	136.481659
32768	1024	280.317322
65536	1024	635.214111
131072	1024	1463.041382
4	2048	0.488160
8	2048	0.752384
16	2048	0.623008
32	2048	0.778688
64	2048	1.402240
128	2048	2.394848
256	2048	4.342464
512	2048	8.721760
1024	2048	15.758464
2048	2048	33.139648
4096	2048	65.916862
8192	2048	131.367264
16384	2048	257.708130
32768	2048	525.720703
65536	2048	1103.440796
131072	2048	4552.565430
4	4096	0.399008
8	4096	0.543424
16	4096	0.718432
32	4096	1.156640
64	4096	2.052416
128	4096	3.852672
256	4096	7.515008
512	4096	14.777984
1024	4096	29.811008
2048	4096	61.755005
4096	4096	123.236893
8192	4096	235.899811
16384	4096	489.914612
32768	4096	1012.583740
65536	4096	3539.942383
131072	4096	10019.628906
4	8192	0.645504
8	8192	0.729376
16	8192	1.158368
32	8192	2.075264
64	8192	3.790432
128	8192	7.446688
256	8192	14.702624
512	8192	28.997791
1024	8192	58.129665
2048	8192	115.750237
4096	8192	230.266464
8192	8192	481.292755
16384	8192	973.769592
32768	8192	2535.560791
65536	8192	6839.821289
4	16384	0.784896
8	16384	1.270848
16	16384	2.206944
32	16384	3.910176
64	16384	7.247424
128	16384	14.276896
256	16384	28.712032
512	16384	57.120480
1024	16384	113.451302
2048	16384	230.364441
4096	16384	458.534912
8192	16384	948.691711
16384	16384	2468.516602
32768	16384	5492.128418
4	32768	1.286912
8	32768	2.295040
16	32768	3.981024
32	32768	7.398496
64	32768	14.467872
128	32768	28.535521
256	32768	58.309441
512	32768	117.924316
1024	32768	230.790588
2048	32768	469.346466
4096	32768	962.412048
8192	32768	2362.490234
16384	32768	5475.679688
4	4	0.239584
8	4	0.253120
16	4	0.260448
32	4	0.450496
64	4	0.443168
128	4	0.603200
256	4	0.748512
512	4	1.209504
1024	4	2.022592
2048	4	3.600640
4096	4	6.935872
8192	4	13.452256
16384	4	26.519585
32768	4	52.677952
65536	4	93.701981
131072	4	184.806915
4	8	0.224320
8	8	0.231232
16	8	0.395968
32	8	0.411488
64	8	0.449600
128	8	0.544800
256	8	0.805408
512	8	1.056480
1024	8	2.056480
2048	8	3.709536
4096	8	7.067648
8192	8	13.690176
16384	8	27.143328
32768	8	56.367645
65536	8	98.379585
131072	8	189.967850
4	16	0.224128
8	16	0.382144
16	16	0.391968
32	16	0.414368
64	16	0.404512
128	16	0.541664
256	16	0.720352
512	16	1.079904
1024	16	1.897248
2048	16	3.191520
4096	16	6.138848
8192	16	12.022783
16384	16	25.149792
32768	16	50.056290
65536	16	100.097603
131072	16	199.674911
4	32	0.373952
8	32	0.331456
16	32	0.402592
32	32	0.414912
64	32	0.457056
128	32	0.496768
256	32	0.740800
512	32	1.131424
1024	32	1.903776
2048	32	3.254816
4096	32	6.665728
8192	32	14.399968
16384	32	27.143200
32768	32	54.118752
65536	32	107.853561
131072	32	215.526123
4	64	0.381344
8	64	0.391328
16	64	0.402240
32	64	0.412256
64	64	0.728224
128	64	0.572384
256	64	0.742240
512	64	1.232256
1024	64	2.078880
2048	64	4.244256
4096	64	7.953248
8192	64	16.649632
16384	64	32.116768
32768	64	63.124321
65536	64	124.462753
131072	64	249.438690
4	128	0.391040
8	128	0.384416
16	128	0.397184
32	128	0.425344
64	128	0.437920
128	128	0.639488
256	128	0.873792
512	128	1.443424
1024	128	2.588128
2048	128	5.081472
4096	128	9.888736
8192	128	19.811136
16384	128	39.069824
32768	128	78.067932
65536	128	165.130463
131072	128	390.133423
4	256	0.379168
8	256	0.403776
16	256	0.408768
32	256	0.456928
64	256	0.634368
128	256	0.737568
256	256	1.094240
512	256	1.915552
1024	256	3.710656
2048	256	7.066272
4096	256	14.051584
8192	256	27.448288
16384	256	54.702080
32768	256	109.567841
65536	256	273.760834
131072	256	589.619202
4	512	0.385568
8	512	0.401728
16	512	0.575072
32	512	0.587648
64	512	0.634656
128	512	0.910016
256	512	1.507328
512	512	2.788256
1024	512	5.369120
2048	512	10.517281
4096	512	20.815617
8192	512	41.422112
16384	512	89.106659
32768	512	169.401611
65536	512	383.856018
131072	512	819.532715
4	1024	0.475168
8	1024	0.414144
16	1024	0.412608
32	1024	0.573248
64	1024	0.789792
128	1024	1.317120
256	1024	2.388512
512	1024	4.647008
1024	1024	8.868448
2048	1024	17.710016
4096	1024	34.896355
8192	1024	69.727646
16384	1024	139.353088
32768	1024	283.519531
65536	1024	623.254517
131072	1024	1276.752930
4	2048	0.353024
8	2048	0.461024
16	2048	0.497280
32	2048	0.831296
64	2048	1.212640
128	2048	2.171712
256	2048	4.093568
512	2048	8.036192
1024	2048	36.834240
2048	2048	31.464832
4096	2048	62.738655
8192	2048	124.993889
16384	2048	266.533295
32768	2048	531.881470
65536	2048	1104.869019
131072	2048	4571.933594
4	4096	0.449376
8	4096	0.548672
16	4096	0.809728
32	4096	1.153984
64	4096	2.061664
128	4096	3.880416
256	4096	7.472960
512	4096	14.782848
1024	4096	29.864544
2048	4096	61.929405
4096	4096	123.532188
8192	4096	238.538208
16384	4096	490.316223
32768	4096	998.383484
65536	4096	3530.661621
4	8192	0.572608
8	8192	0.718528
16	8192	1.158688
32	8192	1.987168
64	8192	3.755520
128	8192	7.343520
256	8192	14.468384
512	8192	29.041025
1024	8192	58.757439
2048	8192	116.557220
4096	8192	274.528778
8192	8192	481.608215
16384	8192	969.061890
1024	256	27.689121
1024	256	12.247904
1024	256	778.248535
1024	256	4.000064
1024	2048	39.452320
1024	32768	286.929230
1024	32768	253.450424
1024	32768	234.196259
1024	32768	1721.573730
1024	32768	239.887711
1024	32768	370.292358
1024	327680	2599.859131
1024	327680	2364.264160
1024	327680	13374.585938
1024	327680	2359.471924
1024	1000	9.430528
1024	1000	9.088928
1024	10000	71.601410
1024	100000	738.496704
1024	100000	717.118347
1024	1	0.682400
1024	1000	9.146016
1024	1000	9.922784
1024	3276	63.522400
1024	3276	35.877823
1024	3276	942.545898
1024	1000	8.947328
1024	3276	47.553535
1024	3276	32.712894
1024	3276	771.311218
1024	32768	280.444183
1024	32768	258.378510
1024	32768	1887.776489
1024	1000	7.097216
1024	1000	7.443456
64	10	1.015840
64	10	1.082656
64	10	1.021408
64	10	1.039040
64	10	1.247680
64	10	1.108384
64	10	0.945184
64	10	1.035200
64	10	1.062432
64	10	1.128896
64	10	0.979360
64	10	1.014080
64	10	1.045792
64	10	4.020288
64	10	1.032864
128	10	1.054592
256	10	1.207616
512	10	1.059584
512	10	1.482752
512	10	69031.492188
512	10	1.760000
512	10	1.393440
512	10	1.072064
512	10	1.390816
512	10	10.063168
512	10	22.282272
512	10	25.370752
512	10	10.008608
256	10	5.956960
4	10	0.829088
4	10	0.756800
4	10	0.779456
4	10	15.656640
4	10	41.795902
4	10	15.713759
4	10	0.785216
4	10	1.217792
4	10	16.272064
4	10	1.896704
4	10	1.930880
4	10	2.219808
4	10	2.453728
4	10	2.476928
4	10	2.479616
4	10	14.718176
4	10	2.420928
4	10	14.663744
4	10	2.395936
4	10	4.111488
4	10	12.876704
4	10	2.512352
4	10	3.064448
4	10	2.963392
4	10	3.130496
4	10	3.204384
